0.000000 2.000000 4.000000 1.000000 41.500000
0.020000 1.920519 4.038763 0.977489 41.500000
0.040000 1.842094 4.075131 0.955683 41.500000
0.060000 1.764743 4.109219 0.934598 41.500000
0.080000 1.688478 4.141140 0.914249 41.500000
0.100000 1.613302 4.171002 0.894646 41.500000
0.120000 1.539213 4.198907 0.875800 41.500000
0.140000 1.466202 4.224956 0.857717 41.500000
0.160000 1.394254 4.249242 0.840403 41.500000
0.180000 1.323351 4.271855 0.823864 41.500000
0.200000 1.253469 4.292880 0.808100 41.500000
0.220000 1.184578 4.312398 0.793116 41.500000
0.240000 1.116648 4.330485 0.778910 41.500000
0.260000 1.049644 4.347212 0.765483 41.500000
0.280000 0.983527 4.362645 0.752835 41.500000
0.300000 0.918256 4.376849 0.740964 41.500000
0.320000 0.853788 4.389880 0.729868 41.500000
0.340000 0.790079 4.401792 0.719546 41.500000
0.360000 0.727081 4.412636 0.709995 41.500000
0.380000 0.664745 4.422456 0.701212 41.500000
0.400000 0.603021 4.431294 0.693195 41.500000
0.420000 0.541857 4.439188 0.685941 41.500000
0.440000 0.481202 4.446172 0.679449 41.500000
0.460000 0.421001 4.452276 0.673715 41.500000
0.480000 0.361201 4.457526 0.668737 41.500000
0.500000 0.301746 4.461945 0.664514 41.500000
0.520000 0.242582 4.465552 0.661043 41.500000
0.540000 0.183651 4.468364 0.658323 41.500000
0.560000 0.124898 4.470392 0.656354 41.500000
0.580000 0.066266 4.471645 0.655133 41.500000
0.600000 0.007698 4.472129 0.654660 41.500000
0.620000 -0.050862 4.471847 0.654936 41.500000
0.640000 -0.109472 4.470796 0.655960 41.500000
0.660000 -0.168188 4.468972 0.657733 41.500000
0.680000 -0.227066 4.466368 0.660255 41.500000
0.700000 -0.286164 4.462971 0.663528 41.500000
0.720000 -0.345537 4.458767 0.667554 41.500000
0.740000 -0.405241 4.453738 0.672333 41.500000
0.760000 -0.465331 4.447861 0.677868 41.500000
0.780000 -0.525862 4.441111 0.684161 41.500000
0.800000 -0.586886 4.433460 0.691214 41.500000
0.820000 -0.648458 4.424873 0.699030 41.500000
0.840000 -0.710628 4.415315 0.707611 41.500000
0.860000 -0.773448 4.404745 0.716960 41.500000
0.880000 -0.836965 4.393118 0.727079 41.500000
0.900000 -0.901229 4.380387 0.737972 41.500000
0.920000 -0.966284 4.366497 0.749639 41.500000
0.940000 -1.032175 4.351392 0.762082 41.500000
0.960000 -1.098942 4.335012 0.775304 41.500000
0.980000 -1.166626 4.317289 0.789305 41.500000
1.000000 -1.235260 4.298155 0.804085 41.500000
1.020000 -1.304879 4.277533 0.819644 41.500000
1.040000 -1.375511 4.255346 0.835979 41.500000
1.060000 -1.447182 4.231509 0.853090 41.500000
1.080000 -1.519912 4.205933 0.870971 41.500000
1.100000 -1.593716 4.178525 0.889617 41.500000
1.120000 -1.668606 4.149187 0.909022 41.500000
1.140000 -1.744585 4.117818 0.929176 41.500000
1.160000 -1.821651 4.084310 0.950069 41.500000
1.180000 -1.899795 4.048553 0.971686 41.500000
1.200000 -1.979001 4.010431 0.994014 41.500000
1.220000 -2.059242 3.969826 1.017032 41.500000
1.240000 -2.140486 3.926617 1.040719 41.500000
1.260000 -2.222686 3.880678 1.065051 41.500000
1.280000 -2.305790 3.831883 1.089998 41.500000
1.300000 -2.389732 3.780103 1.115528 41.500000
1.320000 -2.474435 3.725207 1.141605 41.500000
1.340000 -2.559809 3.667067 1.168187 41.500000
1.360000 -2.645751 3.605551 1.195229 41.500000
1.380000 -2.732146 3.540533 1.222680 41.500000
1.400000 -2.818863 3.471889 1.250485 41.500000
1.420000 -2.905757 3.399496 1.278583 41.500000
1.440000 -2.992669 3.323241 1.306908 41.500000
1.460000 -3.079423 3.243016 1.335389 41.500000
1.480000 -3.165831 3.158721 1.363948 41.500000
1.500000 -3.251686 3.070267 1.392503 41.500000
1.520000 -3.336769 2.977578 1.420967 41.500000
1.540000 -3.420847 2.880591 1.449246 41.500000
1.560000 -3.503672 2.779259 1.477243 41.500000
1.580000 -3.584984 2.673553 1.504855 41.500000
1.600000 -3.664512 2.563464 1.531976 41.500000
1.620000 -3.741976 2.449003 1.558497 41.500000
1.640000 -3.817086 2.330206 1.584304 41.500000
1.660000 -3.889547 2.207130 1.609284 41.500000
1.680000 -3.959062 2.079863 1.633321 41.500000
1.700000 -4.025331 1.948516 1.656299 41.500000
1.720000 -4.088056 1.813228 1.678103 41.500000
1.740000 -4.146946 1.674169 1.698620 41.500000
1.760000 -4.201714 1.531535 1.717739 41.500000
1.780000 -4.252088 1.385551 1.735357 41.500000
1.800000 -4.297807 1.236468 1.751373 41.500000
1.820000 -4.338631 1.084565 1.765694 41.500000
1.840000 -4.374338 0.930145 1.778235 41.500000
1.860000 -4.404730 0.773533 1.788920 41.500000
1.880000 -4.429637 0.615075 1.797684 41.500000
1.900000 -4.448916 0.455133 1.804473 41.500000
1.920000 -4.462456 0.294085 1.809243 41.500000
1.940000 -4.470178 0.132317 1.811964 41.500000
1.960000 -4.472037 -0.029775 1.812619 41.500000
1.980000 -4.468021 -0.191794 1.811204 41.500000
2.000000 -4.458155 -0.353343 1.807727 41.500000
2.020000 -4.442496 -0.514030 1.802212 41.500000
2.040000 -4.421135 -0.673470 1.794692 41.500000
2.060000 -4.394196 -0.831291 1.785215 41.500000
2.080000 -4.361830 -0.987137 1.773840 41.500000
2.100000 -4.324219 -1.140669 1.760636 41.500000
2.120000 -4.281571 -1.291570 1.745682 41.500000
2.140000 -4.234112 -1.439546 1.729067 41.500000
2.160000 -4.182094 -1.584327 1.710886 41.500000
2.180000 -4.125779 -1.725673 1.691240 41.500000
2.200000 -4.065447 -1.863368 1.670238 41.500000
2.220000 -4.001386 -1.997226 1.647990 41.500000
2.240000 -3.933890 -2.127090 1.624609 41.500000
2.260000 -3.863258 -2.252829 1.600213 41.500000
2.280000 -3.789789 -2.374341 1.574915 41.500000
2.300000 -3.713781 -2.491552 1.548832 41.500000
2.320000 -3.635526 -2.604410 1.522078 41.500000
2.340000 -3.555311 -2.712889 1.494764 41.500000
2.360000 -3.473412 -2.816986 1.466998 41.500000
2.380000 -3.390097 -2.916718 1.438886 41.500000
2.400000 -3.305622 -3.012119 1.410529 41.500000
2.420000 -3.220229 -3.103245 1.382021 41.500000
2.440000 -3.134146 -3.190161 1.353454 41.500000
2.460000 -3.047588 -3.272951 1.324915 41.500000
2.480000 -2.960755 -3.351706 1.296482 41.500000
2.500000 -2.873830 -3.426529 1.268233 41.500000
2.520000 -2.786983 -3.497531 1.240235 41.500000
2.540000 -2.700368 -3.564830 1.212553 41.500000
2.560000 -2.614125 -3.628546 1.185246 41.500000
2.580000 -2.528379 -3.688807 1.158367 41.500000
2.600000 -2.443240 -3.745741 1.131966 41.500000
2.620000 -2.358807 -3.799477 1.106085 41.500000
2.640000 -2.275165 -3.850146 1.080765 41.500000
2.660000 -2.192385 -3.897877 1.056041 41.500000
2.680000 -2.110531 -3.942799 1.031943 41.500000
2.700000 -2.029651 -3.985037 1.008498 41.500000
2.720000 -1.949786 -4.024715 0.985732 41.500000
2.740000 -1.870968 -4.061955 0.963663 41.500000
2.760000 -1.793218 -4.096873 0.942310 41.500000
2.780000 -1.716551 -4.129583 0.921687 41.500000
2.800000 -1.640972 -4.160194 0.901807 41.500000
2.820000 -1.566482 -4.188811 0.882680 41.500000
2.840000 -1.493074 -4.215535 0.864314 41.500000
2.860000 -1.420735 -4.240461 0.846715 41.500000
2.880000 -1.349448 -4.263683 0.829889 41.500000
2.900000 -1.279191 -4.285285 0.813838 41.500000
2.920000 -1.209938 -4.305351 0.798566 41.500000
2.940000 -1.141656 -4.323959 0.784072 41.500000
2.960000 -1.074314 -4.341181 0.770357 41.500000
2.980000 -1.007873 -4.357085 0.757421 41.500000
3.000000 -0.942294 -4.371737 0.745263 41.500000
3.020000 -0.877535 -4.385195 0.733881 41.500000
3.040000 -0.813551 -4.397515 0.723273 41.500000
3.060000 -0.750295 -4.408748 0.713437 41.500000
3.080000 -0.687720 -4.418941 0.704370 41.500000
3.100000 -0.625776 -4.428138 0.696070 41.500000
3.120000 -0.564411 -4.436377 0.688535 41.500000
3.140000 -0.503574 -4.443694 0.681761 41.500000
3.160000 -0.443212 -4.450119 0.675747 41.500000
3.180000 -0.383270 -4.455682 0.670490 41.500000
3.200000 -0.323694 -4.460406 0.665988 41.500000
3.220000 -0.264428 -4.464312 0.662239 41.500000
3.240000 -0.205417 -4.467416 0.659242 41.500000
3.260000 -0.146605 -4.469732 0.656995 41.500000
3.280000 -0.087935 -4.471271 0.655497 41.500000
3.300000 -0.029350 -4.472040 0.654748 41.500000
3.320000 0.029206 -4.472041 0.654747 41.500000
3.340000 0.087791 -4.471274 0.655494 41.500000
3.360000 0.146461 -4.469737 0.656990 41.500000
3.380000 0.205273 -4.467422 0.659235 41.500000
3.400000 0.264283 -4.464320 0.662231 41.500000
3.420000 0.323548 -4.460417 0.665978 41.500000
3.440000 0.383123 -4.455695 0.670478 41.500000
3.460000 0.443064 -4.450134 0.675733 41.500000
3.480000 0.503425 -4.443710 0.681745 41.500000
3.500000 0.564261 -4.436396 0.688517 41.500000
3.520000 0.625624 -4.428159 0.696051 41.500000
3.540000 0.687567 -4.418965 0.704349 41.500000
3.560000 0.750141 -4.408774 0.713413 41.500000
3.580000 0.813395 -4.397544 0.723248 41.500000
3.600000 0.877377 -4.385226 0.733854 41.500000
3.620000 0.942134 -4.371771 0.745234 41.500000
3.640000 1.007711 -4.357123 0.757390 41.500000
3.660000 1.074150 -4.341221 0.770324 41.500000
3.680000 1.141490 -4.324003 0.784037 41.500000
3.700000 1.209769 -4.305399 0.798529 41.500000
3.720000 1.279020 -4.285336 0.813800 41.500000
3.740000 1.349275 -4.263738 0.829849 41.500000
3.760000 1.420559 -4.240520 0.846673 41.500000
3.780000 1.492895 -4.215598 0.864270 41.500000
3.800000 1.566300 -4.188879 0.882634 41.500000
3.820000 1.640788 -4.160266 0.901759 41.500000
3.840000 1.716364 -4.129660 0.921637 41.500000
3.860000 1.793029 -4.096956 0.942258 41.500000
3.880000 1.870776 -4.062043 0.963609 41.500000
3.900000 1.949592 -4.024810 0.985677 41.500000
3.920000 2.029454 -3.985137 1.008442 41.500000
3.940000 2.110331 -3.942905 1.031884 41.500000
3.960000 2.192183 -3.897991 1.055981 41.500000
3.980000 2.274960 -3.850267 1.080704 41.500000
4.000000 2.358601 -3.799605 1.106022 41.500000
4.020000 2.443032 -3.745877 1.131901 41.500000
4.040000 2.528169 -3.688951 1.158302 41.500000
4.060000 2.613914 -3.628698 1.185179 41.500000
4.080000 2.700156 -3.564990 1.212485 41.500000
4.100000 2.786770 -3.497701 1.240166 41.500000
4.120000 2.873616 -3.426708 1.268164 41.500000
4.140000 2.960541 -3.351894 1.296413 41.500000
4.160000 3.047375 -3.273149 1.324845 41.500000
4.180000 3.133934 -3.190370 1.353384 41.500000
4.200000 3.220018 -3.103463 1.381951 41.500000
4.220000 3.305413 -3.012348 1.410459 41.500000
4.240000 3.389891 -2.916957 1.438817 41.500000
4.260000 3.473209 -2.817236 1.466930 41.500000
4.280000 3.555111 -2.713150 1.494696 41.500000
4.300000 3.635332 -2.604681 1.522012 41.500000
4.320000 3.713592 -2.491834 1.548767 41.500000
4.340000 3.789606 -2.374634 1.574852 41.500000
4.360000 3.863081 -2.253132 1.600152 41.500000
4.380000 3.933720 -2.127403 1.624551 41.500000
4.400000 4.001224 -1.997550 1.647934 41.500000
4.420000 4.065294 -1.863701 1.670185 41.500000
4.440000 4.125636 -1.726015 1.691190 41.500000
4.460000 4.181961 -1.584678 1.710839 41.500000
4.480000 4.233990 -1.439905 1.729024 41.500000
4.500000 4.281460 -1.291937 1.745644 41.500000
4.520000 4.324121 -1.141043 1.760601 41.500000
4.540000 4.361744 -0.987517 1.773810 41.500000
4.560000 4.394123 -0.831676 1.785190 41.500000
4.580000 4.421076 -0.673859 1.794671 41.500000
4.600000 4.442451 -0.514423 1.802196 41.500000
4.620000 4.458124 -0.353739 1.807716 41.500000
4.640000 4.468004 -0.192191 1.811198 41.500000
4.660000 4.472034 -0.030173 1.812618 41.500000
4.680000 4.470190 0.131920 1.811968 41.500000
4.700000 4.462482 0.293688 1.809252 41.500000
4.720000 4.448956 0.454739 1.804487 41.500000
4.740000 4.429691 0.614684 1.797703 41.500000
4.760000 4.404798 0.773146 1.788944 41.500000
4.780000 4.374419 0.929763 1.778263 41.500000
4.800000 4.338725 1.084189 1.765727 41.500000
4.820000 4.297914 1.236098 1.751410 41.500000
4.840000 4.252206 1.385188 1.735398 41.500000
4.860000 4.201843 1.531181 1.717785 41.500000
4.880000 4.147085 1.673823 1.698668 41.500000
4.900000 4.088206 1.812891 1.678155 41.500000
4.920000 4.025489 1.948188 1.656354 41.500000
4.940000 3.959229 2.079545 1.633379 41.500000
4.960000 3.889721 2.206823 1.609345 41.500000
4.980000 3.817267 2.329909 1.584367 41.500000
5.000000 3.742163 2.448717 1.558561 41.500000
5.020000 3.664705 2.563189 1.532042 41.500000
5.040000 3.585182 2.673289 1.504922 41.500000
5.060000 3.503874 2.779005 1.477311 41.500000
5.080000 3.421052 2.880348 1.449315 41.500000
5.100000 3.336977 2.977345 1.421037 41.500000
5.120000 3.251896 3.070045 1.392573 41.500000
5.140000 3.166042 3.158509 1.364018 41.500000
5.160000 3.079636 3.242814 1.335459 41.500000
5.180000 2.992882 3.323049 1.306978 41.500000
5.200000 2.905971 3.399314 1.278653 41.500000
5.220000 2.819076 3.471716 1.250554 41.500000
5.240000 2.732359 3.540369 1.222748 41.500000
5.260000 2.645963 3.605396 1.195296 41.500000
5.280000 2.560019 3.666920 1.168253 41.500000
5.300000 2.474644 3.725069 1.141669 41.500000
5.320000 2.389939 3.779972 1.115591 41.500000
5.340000 2.305995 3.831760 1.090060 41.500000
5.360000 2.222889 3.880562 1.065111 41.500000
5.380000 2.140686 3.926508 1.040778 41.500000
5.400000 2.059441 3.969723 1.017089 41.500000
5.420000 1.979197 4.010334 0.994070 41.500000
5.440000 1.899988 4.048462 0.971740 41.500000
5.460000 1.821841 4.084225 0.950121 41.500000
5.480000 1.744773 4.117738 0.929226 41.500000
5.500000 1.668791 4.149113 0.909070 41.500000
5.520000 1.593899 4.178455 0.889664 41.500000
5.540000 1.520092 4.205868 0.871016 41.500000
5.560000 1.447359 4.231448 0.853133 41.500000
5.580000 1.375686 4.255289 0.836021 41.500000
5.600000 1.305051 4.277481 0.819683 41.500000
5.620000 1.235430 4.298106 0.804122 41.500000
5.640000 1.166793 4.317244 0.789340 41.500000
5.660000 1.099107 4.334970 0.775337 41.500000
5.680000 1.032338 4.351354 0.762114 41.500000
5.700000 0.966445 4.366461 0.749668 41.500000
5.720000 0.901388 4.380354 0.737999 41.500000
5.740000 0.837122 4.393088 0.727105 41.500000
5.760000 0.773603 4.404718 0.716984 41.500000
5.780000 0.710782 4.415290 0.707633 41.500000
5.800000 0.648610 4.424851 0.699050 41.500000
5.820000 0.587037 4.433440 0.691232 41.500000
5.840000 0.526011 4.441094 0.684177 41.500000
5.860000 0.465479 4.447845 0.677882 41.500000
5.880000 0.405388 4.453724 0.672346 41.500000
5.900000 0.345683 4.458756 0.667565 41.500000
5.920000 0.286310 4.462962 0.663537 41.500000
5.940000 0.227211 4.466360 0.660262 41.500000
5.960000 0.168332 4.468967 0.657738 41.500000
5.980000 0.109616 4.470792 0.655963 41.500000
6.000000 0.051006 4.471845 0.654937 41.500000
6.020000 -0.007554 4.472130 0.654660 41.500000
6.040000 -0.066122 4.471647 0.655131 41.500000
6.060000 -0.124754 4.470396 0.656350 41.500000
6.080000 -0.183506 4.468369 0.658318 41.500000
6.100000 -0.242437 4.465560 0.661036 41.500000
6.120000 -0.301601 4.461954 0.664504 41.500000
6.140000 -0.361055 4.457537 0.668726 41.500000
6.160000 -0.420854 4.452290 0.673702 41.500000
6.180000 -0.481054 4.446188 0.679434 41.500000
6.200000 -0.541708 4.439206 0.685925 41.500000
6.220000 -0.602870 4.431314 0.693176 41.500000
6.240000 -0.664592 4.422479 0.701191 41.500000
6.260000 -0.726927 4.412661 0.709972 41.500000
6.280000 -0.789923 4.401820 0.719522 41.500000
6.300000 -0.853631 4.389910 0.729842 41.500000
6.320000 -0.918097 4.376882 0.740936 41.500000
6.340000 -0.983365 4.362682 0.752805 41.500000
6.360000 -1.049480 4.347251 0.765451 41.500000
6.380000 -1.116483 4.330527 0.778876 41.500000
6.400000 -1.184410 4.312444 0.793080 41.500000
6.420000 -1.253298 4.292929 0.808063 41.500000
6.440000 -1.323179 4.271908 0.823824 41.500000
6.460000 -1.394079 4.249299 0.840362 41.500000
6.480000 -1.466024 4.225018 0.857673 41.500000
6.500000 -1.539032 4.198974 0.875754 41.500000
6.520000 -1.613119 4.171073 0.894599 41.500000
6.540000 -1.688292 4.141216 0.914200 41.500000
6.560000 -1.764554 4.109300 0.934547 41.500000
6.580000 -1.841903 4.075217 0.955630 41.500000
6.600000 -1.920325 4.038855 0.977435 41.500000
6.620000 -1.999804 4.000098 0.999944 41.500000
6.640000 -2.080310 3.958827 1.023139 41.500000
6.660000 -2.161807 3.914919 1.046996 41.500000
6.680000 -2.244249 3.868249 1.071491 41.500000
6.700000 -2.327578 3.818688 1.096593 41.500000
6.720000 -2.411726 3.766109 1.122269 41.500000
6.740000 -2.496613 3.710381 1.148482 41.500000
6.760000 -2.582145 3.651373 1.175188 41.500000
6.780000 -2.668217 3.588958 1.202342 41.500000
6.800000 -2.754709 3.523007 1.229891 41.500000
6.820000 -2.841486 3.453398 1.257778 41.500000
6.840000 -2.928401 3.380010 1.285942 41.500000
6.860000 -3.015289 3.302731 1.314315 41.500000
6.880000 -3.101972 3.221454 1.342824 41.500000
6.900000 -3.188256 3.136084 1.371390 41.500000
6.920000 -3.273932 3.046534 1.399930 41.500000
6.940000 -3.358777 2.952731 1.428355 41.500000
6.960000 -3.442552 2.854616 1.456570 41.500000
6.980000 -3.525009 2.752147 1.484476 41.500000
7.000000 -3.605883 2.645300 1.511971 41.500000
7.020000 -3.684900 2.534070 1.538946 41.500000
7.040000 -3.761779 2.418475 1.565292 41.500000
7.060000 -3.836227 2.298556 1.590896 41.500000
7.080000 -3.907950 2.174379 1.615641 41.500000
7.100000 -3.976648 2.046037 1.639413 41.500000
7.120000 -4.042023 1.913649 1.662096 41.500000
7.140000 -4.103777 1.777362 1.683575 41.500000
7.160000 -4.161620 1.637352 1.703739 41.500000
7.180000 -4.215269 1.493822 1.722477 41.500000
7.200000 -4.264455 1.347005 1.739687 41.500000
7.220000 -4.308922 1.197160 1.755270 41.500000
7.240000 -4.348433 1.044572 1.769135 41.500000
7.260000 -4.382774 0.889548 1.781200 41.500000
7.280000 -4.411752 0.732422 1.791390 41.500000
7.300000 -4.435206 0.573541 1.799645 41.500000
7.320000 -4.452999 0.413274 1.805911 41.500000
7.340000 -4.465030 0.252001 1.810150 41.500000
7.360000 -4.471228 0.090111 1.812334 41.500000
7.380000 -4.471556 -0.072001 1.812450 41.500000
7.400000 -4.466013 -0.233936 1.810496 41.500000
7.420000 -4.454631 -0.395297 1.806486 41.500000
7.440000 -4.437477 -0.555696 1.800444 41.500000
7.460000 -4.414650 -0.714749 1.792410 41.500000
7.480000 -4.386281 -0.872090 1.782432 41.500000
7.500000 -4.352530 -1.027365 1.770574 41.500000
7.520000 -4.313587 -1.180241 1.756906 41.500000
7.540000 -4.269662 -1.330408 1.741511 41.500000
7.560000 -4.220991 -1.477576 1.724478 41.500000
7.580000 -4.167828 -1.621485 1.705905 41.500000
7.600000 -4.110439 -1.761899 1.685896 41.500000
7.620000 -4.049108 -1.898612 1.664558 41.500000
7.640000 -3.984123 -2.031443 1.642004 41.500000
7.660000 -3.915782 -2.160244 1.618348 41.500000
7.680000 -3.844382 -2.284891 1.593705 41.500000
7.700000 -3.770223 -2.405289 1.568192 41.500000
7.720000 -3.693602 -2.521370 1.541923 41.500000
7.740000 -3.614809 -2.633089 1.515013 41.500000
7.760000 -3.534129 -2.740426 1.487571 41.500000
7.780000 -3.451836 -2.843383 1.459705 41.500000
7.800000 -3.368195 -2.941983 1.431519 41.500000
7.820000 -3.283458 -3.036265 1.403114 41.500000
7.840000 -3.197863 -3.126287 1.374582 41.500000
7.860000 -3.111637 -3.212120 1.346014 41.500000
7.880000 -3.024988 -3.293849 1.317495 41.500000
7.900000 -2.938114 -3.371570 1.289103 41.500000
7.920000 -2.851194 -3.445387 1.260913 41.500000
7.940000 -2.764393 -3.515413 1.232991 41.500000
7.960000 -2.677863 -3.581766 1.205401 41.500000
7.980000 -2.591738 -3.644571 1.178201 41.500000
8.000000 -2.506139 -3.703953 1.151442 41.500000
8.020000 -2.421176 -3.760041 1.125172 41.500000
8.040000 -2.336941 -3.812966 1.099434 41.500000
8.060000 -2.253517 -3.862857 1.074266 41.500000
8.080000 -2.170973 -3.909844 1.049702 41.500000
8.100000 -2.089367 -3.954054 1.025772 41.500000
8.120000 -2.008749 -3.995614 1.002502 41.500000
8.140000 -1.929154 -4.034646 0.979915 41.500000
8.160000 -1.850612 -4.071269 0.958031 41.500000
8.180000 -1.773143 -4.105601 0.936867 41.500000
8.200000 -1.696759 -4.137754 0.916436 41.500000
8.220000 -1.621464 -4.167836 0.896752 41.500000
8.240000 -1.547257 -4.195950 0.877822 41.500000
8.260000 -1.474128 -4.222197 0.859656 41.500000
8.280000 -1.402066 -4.246671 0.842258 41.500000
8.300000 -1.331050 -4.269462 0.825633 41.500000
8.320000 -1.261057 -4.290657 0.809785 41.500000
8.340000 -1.192059 -4.310336 0.794715 41.500000
8.360000 -1.124026 -4.328575 0.780424 41.500000
8.380000 -1.056922 -4.345448 0.766913 41.500000
8.400000 -0.990710 -4.361020 0.754179 41.500000
8.420000 -0.925349 -4.375355 0.742224 41.500000
8.440000 -0.860796 -4.388511 0.731043 41.500000
8.460000 -0.797006 -4.400543 0.720636 41.500000
8.480000 -0.733932 -4.411501 0.711001 41.500000
8.500000 -0.671526 -4.421431 0.702134 41.500000
8.520000 -0.609738 -4.430375 0.694034 41.500000
8.540000 -0.548516 -4.438370 0.686697 41.500000
8.560000 -0.487807 -4.445452 0.680121 41.500000
8.580000 -0.427560 -4.451651 0.674305 41.500000
8.600000 -0.367718 -4.456993 0.669244 41.500000
8.620000 -0.308229 -4.461501 0.664939 41.500000
8.640000 -0.249035 -4.465197 0.661386 41.500000
8.660000 -0.190081 -4.468095 0.658584 41.500000
8.680000 -0.131311 -4.470208 0.656532 41.500000
8.700000 -0.072669 -4.471546 0.655230 41.500000
8.720000 -0.014097 -4.472114 0.654675 41.500000
8.740000 0.044461 -4.471915 0.654869 41.500000
8.760000 0.103063 -4.470948 0.655812 41.500000
8.780000 0.161764 -4.469209 0.657503 41.500000
8.800000 0.220622 -4.466691 0.659943 41.500000
8.820000 0.279694 -4.463381 0.663134 41.500000
8.840000 0.339034 -4.459266 0.667077 41.500000
8.860000 0.398699 -4.454328 0.671774 41.500000
8.880000 0.458744 -4.448545 0.677226 41.500000
8.900000 0.519224 -4.441892 0.683436 41.500000
8.920000 0.580192 -4.434341 0.690406 41.500000
8.940000 0.641701 -4.425858 0.698138 41.500000
8.960000 0.703803 -4.416408 0.706636 41.500000
8.980000 0.766550 -4.405951 0.715901 41.500000
9.000000 0.829989 -4.394442 0.725936 41.500000
9.020000 0.894169 -4.381833 0.736744 41.500000
9.040000 0.959135 -4.368073 0.748326 41.500000
9.060000 1.024932 -4.353104 0.760685 41.500000
9.080000 1.091602 -4.336866 0.773821 41.500000
9.100000 1.159183 -4.319293 0.787737 41.500000
9.120000 1.227712 -4.300317 0.802432 41.500000
9.140000 1.297222 -4.279861 0.817905 41.500000
9.160000 1.367742 -4.257849 0.834157 41.500000
9.180000 1.439299 -4.234196 0.851182 41.500000
9.200000 1.511912 -4.208815 0.868979 41.500000
9.220000 1.585598 -4.181612 0.887542 41.500000
9.240000 1.660369 -4.152490 0.906865 41.500000
9.260000 1.736229 -4.121348 0.926937 41.500000
9.280000 1.813176 -4.088079 0.947750 41.500000
9.300000 1.891204 -4.052573 0.969289 41.500000
9.320000 1.970294 -4.014715 0.991540 41.500000
9.340000 2.050424 -3.974388 1.014484 41.500000
9.360000 2.131560 -3.931470 1.038099 41.500000
9.380000 2.213658 -3.885835 1.062361 41.500000
9.400000 2.296667 -3.837359 1.087243 41.500000
9.420000 2.380521 -3.785911 1.112711 41.500000
9.440000 2.465144 -3.731362 1.138730 41.500000
9.460000 2.550450 -3.673582 1.165259 41.500000
9.480000 2.636335 -3.612442 1.192253 41.500000
9.500000 2.722687 -3.547813 1.219662 41.500000
9.520000 2.809375 -3.479570 1.247431 41.500000
9.540000 2.896258 -3.407593 1.275500 41.500000
9.560000 2.983176 -3.331766 1.303804 41.500000
9.580000 3.069956 -3.251979 1.332271 41.500000
9.600000 3.156411 -3.168133 1.360826 41.500000
9.620000 3.242337 -3.080138 1.389386 41.500000
9.640000 3.327516 -2.987915 1.417864 41.500000
9.660000 3.411716 -2.891400 1.446168 41.500000
9.680000 3.494690 -2.790545 1.474200 41.500000
9.700000 3.576180 -2.685318 1.501859 41.500000
9.720000 3.655917 -2.575708 1.529039 41.500000
9.740000 3.733620 -2.461724 1.555631 41.500000
9.760000 3.809001 -2.343397 1.581522 41.500000
9.780000 3.881766 -2.220786 1.606598 41.500000
9.800000 3.951618 -2.093972 1.630744 41.500000
9.820000 4.018256 -1.963064 1.653843 41.500000
9.840000 4.081383 -1.828199 1.675781 41.500000
9.860000 4.140706 -1.689543 1.696443 41.500000
9.880000 4.195938 -1.547290 1.715721 41.500000
9.900000 4.246805 -1.401660 1.733508 41.500000
9.920000 4.293045 -1.252902 1.749703 41.500000
9.940000 4.334415 -1.101293 1.764214 41.500000
9.960000 4.370691 -0.947133 1.776953 41.500000
9.980000 4.401673 -0.790744 1.787845 41.500000
10.000000 4.427187 -0.632470 1.796822 41.500000
10.020000 4.447087 -0.472673 1.803828 41.500000
10.040000 4.461258 -0.311726 1.808821 41.500000
10.060000 4.469619 -0.150018 1.811767 41.500000
10.080000 4.472120 0.012058 1.812648 41.500000
10.100000 4.468746 0.174104 1.811459 41.500000
10.120000 4.459517 0.335724 1.808207 41.500000
10.140000 4.444487 0.496523 1.802913 41.500000
10.160000 4.423744 0.656118 1.795610 41.500000
10.180000 4.397407 0.814134 1.786344 41.500000
10.200000 4.365626 0.970213 1.775174 41.500000
10.220000 4.328579 1.124013 1.762166 41.500000
10.240000 4.286470 1.275217 1.747399 41.500000
10.260000 4.239525 1.423526 1.730961 41.500000
10.280000 4.187992 1.568668 1.712946 41.500000
10.300000 4.132134 1.710400 1.693455 41.500000
10.320000 4.072227 1.848504 1.672596 41.500000
10.340000 4.008559 1.982790 1.650478 41.500000
10.360000 3.941424 2.113097 1.627216 41.500000
10.380000 3.871120 2.239292 1.602925 41.500000
10.400000 3.797947 2.361271 1.577720 41.500000
10.420000 3.722202 2.478954 1.551717 41.500000
10.440000 3.644178 2.592289 1.525031 41.500000
10.460000 3.564163 2.701248 1.497773 41.500000
10.480000 3.482435 2.805823 1.470051 41.500000
10.500000 3.399263 2.906030 1.441972 41.500000
10.520000 3.314902 3.001903 1.413637 41.500000
10.540000 3.229598 3.093493 1.385141 41.500000
10.560000 3.143580 3.180866 1.356576 41.500000
10.580000 3.057064 3.264102 1.328030 41.500000
10.600000 2.970251 3.343293 1.299582 41.500000
10.620000 2.883328 3.418540 1.271309 41.500000
10.640000 2.796465 3.489955 1.243280 41.500000
10.660000 2.709818 3.557652 1.215561 41.500000
10.680000 2.623528 3.621754 1.188210 41.500000
10.700000 2.537722 3.682386 1.161282 41.500000
10.720000 2.452512 3.739677 1.134826 41.500000
10.740000 2.367997 3.793757 1.108887 41.500000
10.760000 2.284264 3.844754 1.083504 41.500000
10.780000 2.201388 3.892800 1.058713 41.500000
10.800000 2.119429 3.938022 1.034545 41.500000
10.820000 2.038441 3.980548 1.011028 41.500000
10.840000 1.958464 4.020500 0.988186 41.500000
10.860000 1.879530 4.058000 0.966040 41.500000
10.880000 1.801662 4.093167 0.944608 41.500000
10.900000 1.724876 4.126112 0.923905 41.500000
10.920000 1.649178 4.156947 0.903943 41.500000
10.940000 1.574569 4.185777 0.884733 41.500000
10.960000 1.501043 4.212703 0.866284 41.500000
10.980000 1.428589 4.237822 0.848601 41.500000
11.000000 1.357188 4.261225 0.831690 41.500000
11.020000 1.286820 4.283001 0.815555 41.500000
11.040000 1.217458 4.303231 0.800197 41.500000
11.060000 1.149072 4.321994 0.785618 41.500000
11.080000 1.081629 4.339364 0.771818 41.500000
11.100000 1.015091 4.355409 0.758797 41.500000
11.120000 0.949420 4.370195 0.746554 41.500000
11.140000 0.884573 4.383780 0.735087 41.500000
11.160000 0.820507 4.396222 0.724394 41.500000
11.180000 0.757174 4.407572 0.714474 41.500000
11.200000 0.694527 4.417876 0.705323 41.500000
11.220000 0.632516 4.427180 0.696940 41.500000
11.240000 0.571090 4.435522 0.689321 41.500000
11.260000 0.510198 4.442938 0.682464 41.500000
11.280000 0.449787 4.449460 0.676367 41.500000
11.300000 0.389801 4.455116 0.671027 41.500000
11.320000 0.330188 4.459930 0.666443 41.500000
11.340000 0.270891 4.463924 0.662612 41.500000
11.360000 0.211855 4.467115 0.659533 41.500000
11.380000 0.153024 4.469517 0.657204 41.500000
11.400000 0.094341 4.471141 0.655624 41.500000
11.420000 0.035750 4.471993 0.654793 41.500000
11.440000 -0.022807 4.472078 0.654710 41.500000
11.460000 -0.081386 4.471395 0.655376 41.500000
11.480000 -0.140044 4.469943 0.656790 41.500000
11.500000 -0.198837 4.467713 0.658953 41.500000
11.520000 -0.257823 4.464698 0.661867 41.500000
11.540000 -0.317057 4.460883 0.665532 41.500000
11.560000 -0.376596 4.456251 0.669949 41.500000
11.580000 -0.436494 4.450783 0.675122 41.500000
11.600000 -0.496807 4.444455 0.681051 41.500000
11.620000 -0.557588 4.437240 0.687740 41.500000
11.640000 -0.618891 4.429105 0.695190 41.500000
11.660000 -0.680768 4.420017 0.703405 41.500000
11.680000 -0.743270 4.409938 0.712385 41.500000
11.700000 -0.806448 4.398823 0.722135 41.500000
11.720000 -0.870348 4.386627 0.732657 41.500000
11.740000 -0.935019 4.373299 0.743953 41.500000
11.760000 -1.000504 4.358783 0.756024 41.500000
11.780000 -1.066846 4.343022 0.768873 41.500000
11.800000 -1.134086 4.325951 0.782501 41.500000
11.820000 -1.202261 4.307502 0.796907 41.500000
11.840000 -1.271404 4.287602 0.812093 41.500000
11.860000 -1.341547 4.266175 0.828057 41.500000
11.880000 -1.412718 4.243139 0.844797 41.500000
11.900000 -1.484938 4.218407 0.862309 41.500000
11.920000 -1.558226 4.191889 0.880590 41.500000
11.940000 -1.632595 4.163488 0.899632 41.500000
11.960000 -1.708052 4.133105 0.919428 41.500000
11.980000 -1.784598 4.100635 0.939969 41.500000
12.000000 -1.862227 4.065970 0.961241 41.500000
12.020000 -1.940927 4.028995 0.983231 41.500000
12.040000 -2.020676 3.989595 1.005920 41.500000
12.060000 -2.101444 3.947649 1.029290 41.500000
12.080000 -2.183192 3.903033 1.053316 41.500000
12.100000 -2.265871 3.855623 1.077972 41.500000
12.120000 -2.349421 3.805289 1.103228 41.500000
12.140000 -2.433770 3.751902 1.129047 41.500000
12.160000 -2.518834 3.695332 1.155393 41.500000
12.180000 -2.604518 3.635449 1.182220 41.500000
12.200000 -2.690711 3.572125 1.209482 41.500000
12.220000 -2.777291 3.505233 1.237125 41.500000
12.240000 -2.864119 3.434650 1.265091 41.500000
12.260000 -2.951043 3.360259 1.293316 41.500000
12.280000 -3.037896 3.281949 1.321731 41.500000
12.300000 -3.124494 3.199615 1.350263 41.500000
12.320000 -3.210640 3.113164 1.378830 41.500000
12.340000 -3.296122 3.022512 1.407349 41.500000
12.360000 -3.380711 2.927591 1.435728 41.500000
12.380000 -3.464168 2.828346 1.463873 41.500000
12.400000 -3.546238 2.724738 1.491682 41.500000
12.420000 -3.626655 2.616748 1.519052 41.500000
12.440000 -3.705143 2.504379 1.545874 41.500000
12.460000 -3.781417 2.387653 1.572038 41.500000
12.480000 -3.855184 2.266617 1.597429 41.500000
12.500000 -3.926148 2.141346 1.621932 41.500000
12.520000 -3.994009 2.011937 1.645431 41.500000
12.540000 -4.058469 1.878518 1.667812 41.500000
12.560000 -4.119232 1.741243 1.688959 41.500000
12.580000 -4.176009 1.600295 1.708761 41.500000
12.600000 -4.228522 1.455886 1.727111 41.500000
12.620000 -4.276502 1.308254 1.743907 41.500000
12.640000 -4.319700 1.157666 1.759050 41.500000
12.660000 -4.357884 1.004413 1.772454 41.500000
12.680000 -4.390845 0.848809 1.784037 41.500000
12.700000 -4.418400 0.691191 1.793729 41.500000
12.720000 -4.440391 0.531913 1.801470 41.500000
12.740000 -4.456692 0.371347 1.807212 41.500000
12.760000 -4.467209 0.209875 1.810917 41.500000
12.780000 -4.471880 0.047889 1.812564 41.500000
12.800000 -4.470677 -0.114215 1.812140 41.500000
12.820000 -4.463609 -0.276038 1.809649 41.500000
12.840000 -4.450715 -0.437186 1.805107 41.500000
12.860000 -4.432073 -0.597271 1.798542 41.500000
12.880000 -4.407788 -0.755913 1.789996 41.500000
12.900000 -4.378001 -0.912749 1.779522 41.500000
12.920000 -4.342878 -1.067430 1.767185 41.500000
12.940000 -4.302616 -1.219630 1.753059 41.500000
12.960000 -4.257432 -1.369042 1.737228 41.500000
12.980000 -4.207565 -1.515385 1.719784 41.500000
13.000000 -4.153275 -1.658405 1.700827 41.500000
13.020000 -4.094832 -1.797874 1.680461 41.500000
13.040000 -4.032521 -1.933592 1.658796 41.500000
13.060000 -3.966633 -2.065387 1.635943 41.500000
13.080000 -3.897466 -2.193116 1.612019 41.500000
13.100000 -3.825319 -2.316665 1.587139 41.500000
13.120000 -3.750490 -2.435944 1.561418 41.500000
13.140000 -3.673276 -2.550891 1.534971 41.500000
13.160000 -3.593964 -2.661470 1.507911 41.500000
13.180000 -3.512838 -2.767665 1.480349 41.500000
13.200000 -3.430169 -2.869485 1.452390 41.500000
13.220000 -3.346218 -2.966955 1.424138 41.500000
13.240000 -3.261235 -3.060122 1.395690 41.500000
13.260000 -3.175455 -3.149045 1.367141 41.500000
13.280000 -3.089099 -3.233801 1.338578 41.500000
13.300000 -3.002374 -3.314476 1.310084 41.500000
13.320000 -2.915471 -3.391170 1.281738 41.500000
13.340000 -2.828566 -3.463988 1.253611 41.500000
13.360000 -2.741822 -3.533046 1.225770 41.500000
13.380000 -2.655385 -3.598462 1.198277 41.500000
13.400000 -2.569386 -3.660363 1.171186 41.500000
13.420000 -2.483943 -3.718874 1.144551 41.500000
13.440000 -2.399161 -3.774126 1.118415 41.500000
13.460000 -2.315129 -3.826248 1.092822 41.500000
13.480000 -2.231928 -3.875370 1.067808 41.500000
13.500000 -2.149624 -3.921622 1.043407 41.500000
13.520000 -2.068271 -3.965130 1.019646 41.500000
13.540000 -1.987916 -4.006019 0.996552 41.500000
13.560000 -1.908593 -4.044412 0.974146 41.500000
13.580000 -1.830329 -4.080428 0.952448 41.500000
13.600000 -1.753142 -4.114182 0.931474 41.500000
13.620000 -1.677041 -4.145785 0.911237 41.500000
13.640000 -1.602030 -4.175344 0.891748 41.500000
13.660000 -1.528105 -4.202963 0.873016 41.500000
13.680000 -1.455256 -4.228739 0.855050 41.500000
13.700000 -1.383468 -4.252766 0.837853 41.500000
13.720000 -1.312720 -4.275133 0.821430 41.500000
13.740000 -1.242990 -4.295926 0.805785 41.500000
13.760000 -1.174247 -4.315222 0.790918 41.500000
13.780000 -1.106459 -4.333099 0.776830 41.500000
13.800000 -1.039591 -4.349626 0.763521 41.500000
13.820000 -0.973604 -4.364870 0.750990 41.500000
13.840000 -0.908458 -4.378893 0.739237 41.500000
13.860000 -0.844108 -4.391752 0.728258 41.500000
13.880000 -0.780509 -4.403499 0.718052 41.500000
13.900000 -0.717614 -4.414185 0.708617 41.500000
13.920000 -0.655374 -4.423854 0.699951 41.500000
13.940000 -0.593738 -4.432547 0.692049 41.500000
13.960000 -0.532655 -4.440302 0.684911 41.500000
13.980000 -0.472072 -4.447151 0.678533 41.500000
14.000000 -0.411935 -4.453124 0.672914 41.500000
14.020000 -0.352191 -4.458246 0.668050 41.500000
14.040000 -0.292784 -4.462542 0.663941 41.500000
14.060000 -0.233658 -4.466028 0.660584 41.500000
14.080000 -0.174757 -4.468720 0.657977 41.500000
14.100000 -0.116026 -4.470631 0.656121 41.500000
14.120000 -0.057408 -4.471767 0.655013 41.500000
14.140000 0.001155 -4.472136 0.654654 41.500000
14.160000 0.059719 -4.471737 0.655043 41.500000
14.180000 0.118341 -4.470570 0.656180 41.500000
14.200000 0.177078 -4.468629 0.658066 41.500000
14.220000 0.235986 -4.465905 0.660702 41.500000
14.240000 0.295122 -4.462388 0.664089 41.500000
14.260000 0.354542 -4.458060 0.668228 41.500000
14.280000 0.414301 -4.452904 0.673121 41.500000
14.300000 0.474454 -4.446897 0.678771 41.500000
14.320000 0.535056 -4.440013 0.685178 41.500000
14.340000 0.596160 -4.432222 0.692347 41.500000
14.360000 0.657818 -4.423491 0.700278 41.500000
14.380000 0.720084 -4.413783 0.708975 41.500000
14.400000 0.783005 -4.403056 0.718441 41.500000
14.420000 0.846633 -4.391265 0.728677 41.500000
14.440000 0.911013 -4.378362 0.739686 41.500000
14.460000 0.976192 -4.364292 0.751470 41.500000
14.480000 1.042213 -4.348999 0.764031 41.500000
14.500000 1.109116 -4.332420 0.777371 41.500000
14.520000 1.176941 -4.314488 0.791490 41.500000
14.540000 1.245723 -4.295134 0.806387 41.500000
14.560000 1.315493 -4.274281 0.822064 41.500000
14.580000 1.386281 -4.251850 0.838517 41.500000
14.600000 1.458110 -4.227755 0.855744 41.500000
14.620000 1.531002 -4.201908 0.873741 41.500000
14.640000 1.604970 -4.174215 0.892503 41.500000
14.660000 1.680024 -4.144577 0.912021 41.500000
14.680000 1.756167 -4.112891 0.932288 41.500000
14.700000 1.833397 -4.079051 0.953291 41.500000
14.720000 1.911704 -4.042943 0.975017 41.500000
14.740000 1.991068 -4.004454 0.997450 41.500000
14.760000 2.071463 -3.963463 1.020571 41.500000
14.780000 2.152854 -3.919849 1.044358 41.500000
14.800000 2.235195 -3.873487 1.068784 41.500000
14.820000 2.318430 -3.824249 1.093822 41.500000
14.840000 2.402493 -3.772006 1.119437 41.500000
14.860000 2.487303 -3.716628 1.145593 41.500000
14.880000 2.572770 -3.657985 1.172247 41.500000
14.900000 2.658788 -3.595948 1.199354 41.500000
14.920000 2.745240 -3.530390 1.226863 41.500000
14.940000 2.831994 -3.461186 1.254716 41.500000
14.960000 2.918901 -3.388217 1.282853 41.500000
14.980000 3.005801 -3.311369 1.311207 41.500000
15.000000 3.092515 -3.230534 1.339704 41.500000
15.020000 3.178853 -3.145615 1.368268 41.500000
15.040000 3.264606 -3.056526 1.396815 41.500000
15.060000 3.349552 -2.963191 1.425257 41.500000
15.080000 3.433457 -2.865549 1.453500 41.500000
15.100000 3.516070 -2.763558 1.481445 41.500000
15.120000 3.597130 -2.657189 1.508989 41.500000
15.140000 3.676364 -2.546438 1.536027 41.500000
15.160000 3.753490 -2.431318 1.562447 41.500000
15.180000 3.828219 -2.311869 1.588137 41.500000
15.200000 3.900254 -2.188154 1.612982 41.500000
15.220000 3.969297 -2.060262 1.636866 41.500000
15.240000 4.035049 -1.928309 1.659674 41.500000
15.260000 4.097213 -1.792440 1.681290 41.500000
15.280000 4.155498 -1.652827 1.701603 41.500000
15.300000 4.209619 -1.509672 1.720502 41.500000
15.320000 4.259305 -1.363202 1.737884 41.500000
15.340000 4.304300 -1.213674 1.753649 41.500000
15.360000 4.344363 -1.061371 1.767706 41.500000
15.380000 4.379278 -0.906598 1.779971 41.500000
15.400000 4.408852 -0.749684 1.790370 41.500000
15.420000 4.432916 -0.590978 1.798839 41.500000
15.440000 4.451334 -0.430844 1.805324 41.500000
15.460000 4.463998 -0.269662 1.809786 41.500000
15.480000 4.470836 -0.107820 1.812196 41.500000
15.500000 4.471806 0.054287 1.812538 41.500000
15.520000 4.466904 0.216260 1.810810 41.500000
15.540000 4.456158 0.377704 1.807024 41.500000
15.560000 4.439630 0.538226 1.801202 41.500000
15.580000 4.417417 0.697445 1.793384 41.500000
15.600000 4.389646 0.854990 1.783616 41.500000
15.620000 4.356475 1.010507 1.771959 41.500000
15.640000 4.318089 1.163661 1.758485 41.500000
15.660000 4.274698 1.314138 1.743274 41.500000
15.680000 4.226534 1.461648 1.726416 41.500000
15.700000 4.173848 1.605925 1.708007 41.500000
15.720000 4.116908 1.746731 1.688149 41.500000
15.740000 4.055993 1.883857 1.666951 41.500000
15.760000 3.991394 2.017121 1.644524 41.500000
15.780000 3.923404 2.146369 1.620983 41.500000
15.800000 3.852324 2.271475 1.596443 41.500000
15.820000 3.778453 2.392341 1.571019 41.500000
15.840000 3.702086 2.508896 1.544827 41.500000
15.860000 3.623516 2.621093 1.517981 41.499999
15.880000 3.543029 2.728909 1.490592 41.499999
15.900000 3.460899 2.832345 1.462768 41.499999
15.920000 3.377393 2.931419 1.434612 41.499999
15.940000 3.292764 3.026170 1.406226 41.499999
15.960000 3.207252 3.116655 1.377703 41.499999
15.980000 3.121084 3.202942 1.349135 41.499999
16.000000 3.034472 3.285115 1.320607 41.499999
16.020000 2.947613 3.363269 1.292198 41.499999
16.040000 2.860690 3.437507 1.263982 41.499999
16.060000 2.773868 3.507941 1.236027 41.499999
16.080000 2.687301 3.574690 1.208399 41.499999
16.100000 2.601126 3.637876 1.181153 41.499999
16.120000 2.515465 3.697626 1.154343 41.499999
16.140000 2.430427 3.754068 1.128018 41.499999
16.160000 2.346108 3.807332 1.102220 41.499999
16.180000 2.262592 3.857548 1.076988 41.499999
16.200000 2.179948 3.904846 1.052356 41.500000
16.220000 2.098238 3.949354 1.028355 41.500000
16.240000 2.017509 3.991197 1.005012 41.500000
16.260000 1.937801 4.030499 0.982350 41.500000
16.280000 1.859143 4.067381 0.960388 41.500000
16.300000 1.781556 4.101958 0.939144 41.500000
16.320000 1.705053 4.134343 0.918633 41.500000
16.340000 1.629639 4.164646 0.898866 41.500000
16.360000 1.555313 4.192970 0.879854 41.500000
16.380000 1.482068 4.219416 0.861604 41.500000
16.400000 1.409889 4.244080 0.844122 41.500000
16.420000 1.338760 4.267051 0.827412 41.500000
16.440000 1.268657 4.288416 0.811479 41.500000
16.460000 1.199552 4.308257 0.796324 41.500000
16.480000 1.131415 4.326650 0.781948 41.500000
16.500000 1.064211 4.343668 0.768351 41.500000
16.520000 0.997904 4.359379 0.755533 41.500000
16.540000 0.932451 4.373847 0.743492 41.500000
16.560000 0.867812 4.387129 0.732227 41.500000
16.580000 0.803941 4.399282 0.721736 41.500000
16.600000 0.740791 4.410355 0.712016 41.500000
16.620000 0.678315 4.420395 0.703066 41.500000
16.640000 0.616461 4.429444 0.694882 41.500000
16.660000 0.555180 4.437542 0.687462 41.500000
16.680000 0.494418 4.444722 0.680803 41.500000
16.700000 0.434123 4.451015 0.674903 41.500000
16.720000 0.374240 4.456450 0.669761 41.500000
16.740000 0.314714 4.461049 0.665373 41.500000
16.760000 0.255491 4.464832 0.661737 41.500000
16.780000 0.196514 4.467816 0.658854 41.500000
16.800000 0.137727 4.470015 0.656720 41.500000
16.820000 0.079073 4.471437 0.655336 41.500000
16.840000 0.020496 4.472089 0.654700 41.500000
16.860000 -0.038061 4.471974 0.654812 41.500000
16.880000 -0.096655 4.471091 0.655672 41.500000
16.900000 -0.155343 4.469437 0.657281 41.500000
16.920000 -0.214181 4.467004 0.659640 41.500000
16.940000 -0.273226 4.463782 0.662749 41.500000
16.960000 -0.332534 4.459756 0.666610 41.500000
16.980000 -0.392161 4.454908 0.671224 41.500000
17.000000 -0.452162 4.449219 0.676593 41.500000
17.020000 -0.512592 4.442662 0.682720 41.500000
17.040000 -0.573504 4.435211 0.689607 41.500000
17.060000 -0.634951 4.426831 0.697256 41.500000
17.080000 -0.696986 4.417489 0.705670 41.500000
17.100000 -0.759660 4.407144 0.714851 41.500000
17.120000 -0.823021 4.395752 0.724802 41.500000
17.140000 -0.887117 4.383266 0.735525 41.500000
17.160000 -0.951996 4.369634 0.747022 41.500000
17.180000 -1.017700 4.354800 0.759296 41.500000
17.200000 -1.084273 4.338704 0.772348 41.500000
17.220000 -1.151753 4.321281 0.786178 41.500000
17.240000 -1.220176 4.302461 0.800788 41.500000
17.260000 -1.289578 4.282171 0.816177 41.500000
17.280000 -1.359986 4.260333 0.832343 41.500000
17.300000 -1.431428 4.236864 0.849284 41.500000
17.320000 -1.503924 4.211676 0.866997 41.500000
17.340000 -1.577493 4.184676 0.885477 41.500000
17.360000 -1.652145 4.155769 0.904716 41.500000
17.380000 -1.727886 4.124853 0.924708 41.500000
17.400000 -1.804715 4.091822 0.945440 41.500000
17.420000 -1.882625 4.056566 0.966900 41.500000
17.440000 -1.961600 4.018971 0.989074 41.500000
17.460000 -2.041618 3.978919 1.011943 41.500000
17.480000 -2.122645 3.936290 1.035486 41.500000
17.500000 -2.204641 3.890958 1.059679 41.500000
17.520000 -2.287553 3.842799 1.084495 41.499999
17.540000 -2.371318 3.791682 1.109900 41.499999
17.560000 -2.455862 3.737478 1.135861 41.499999
17.580000 -2.541097 3.680058 1.162336 41.499999
17.600000 -2.626925 3.619291 1.189282 41.499999
17.620000 -2.713231 3.555049 1.216648 41.499999
17.640000 -2.799890 3.487208 1.244381 41.499999
17.660000 -2.886758 3.415644 1.272420 41.499999
17.680000 -2.973681 3.340243 1.300702 41.499999
17.700000 -3.060485 3.260894 1.329155 41.499999
17.720000 -3.146985 3.177496 1.357704 41.499999
17.740000 -3.232979 3.089959 1.386267 41.499999
17.760000 -3.318251 2.998201 1.414758 41.499999
17.780000 -3.402569 2.902158 1.443086 41.499999
17.800000 -3.485690 2.801779 1.471153 41.499999
17.820000 -3.567355 2.697031 1.498858 41.499999
17.840000 -3.647297 2.587900 1.526096 41.499999
17.860000 -3.725236 2.474392 1.552757 41.499999
17.880000 -3.800885 2.356538 1.578730 41.499999
17.900000 -3.873951 2.234391 1.603901 41.500000
17.920000 -3.944135 2.108031 1.628154 41.500000
17.940000 -4.011139 1.977565 1.651373 41.500000
17.960000 -4.074664 1.843125 1.673443 41.500000
17.980000 -4.134417 1.704875 1.694251 41.500000
18.000000 -4.190110 1.563004 1.713685 41.500000
18.020000 -4.241467 1.417731 1.731640 41.500000
18.040000 -4.288225 1.269303 1.748014 41.500000
18.060000 -4.330138 1.117991 1.762713 41.500000
18.080000 -4.366981 0.964094 1.775650 41.500000
18.100000 -4.398550 0.807933 1.786747 41.500000
18.120000 -4.424669 0.649847 1.795936 41.500000
18.140000 -4.445189 0.490198 1.803160 41.500000
18.160000 -4.459991 0.329359 1.808374 41.500000
18.180000 -4.468990 0.167715 1.811545 41.500000
18.200000 -4.472132 0.005660 1.812653 41.500000
18.220000 -4.469400 -0.156409 1.811690 41.500000
18.240000 -4.460809 -0.318095 1.808662 41.500000
18.260000 -4.446409 -0.479003 1.803590 41.500000
18.280000 -4.426285 -0.638748 1.796505 41.500000
18.300000 -4.400553 -0.796954 1.787451 41.500000
18.320000 -4.369358 -0.953261 1.776485 41.500000
18.340000 -4.332877 -1.107327 1.763674 41.500000
18.360000 -4.291311 -1.258829 1.749096 41.500000
18.380000 -4.244883 -1.407468 1.732836 41.500000
18.400000 -4.193839 -1.552969 1.714988 41.500000
18.420000 -4.138440 -1.695085 1.695654 41.500000
18.440000 -4.078962 -1.833595 1.674938 41.500000
18.460000 -4.015691 -1.968306 1.652953 41.500000
18.480000 -3.948920 -2.099054 1.629810 41.499999
18.500000 -3.878948 -2.225705 1.605626 41.499999
18.520000 -3.806074 -2.348148 1.580515 41.499999
18.540000 -3.730595 -2.466304 1.554594 41.499999
18.560000 -3.652807 -2.580117 1.527977 41.499999
18.580000 -3.572996 -2.689554 1.500776 41.499999
18.600000 -3.491442 -2.794608 1.473100 41.499999
18.620000 -3.408414 -2.895291 1.445055 41.499999
18.640000 -3.324172 -2.991636 1.416743 41.499999
18.660000 -3.238959 -3.083690 1.388260 41.499999
18.680000 -3.153008 -3.171520 1.359698 41.499999
18.700000 -3.066536 -3.255204 1.331146 41.499999
18.720000 -2.979747 -3.334832 1.302684 41.499999
18.740000 -2.892827 -3.410506 1.274388 41.499999
18.760000 -2.805950 -3.482333 1.246329 41.499999
18.780000 -2.719272 -3.550431 1.218573 41.499999
18.800000 -2.632936 -3.614920 1.191179 41.499999
18.820000 -2.547072 -3.675925 1.164203 41.499999
18.840000 -2.461791 -3.733575 1.137693 41.499999
18.860000 -2.377196 -3.787999 1.111695 41.499999
18.880000 -2.293374 -3.839327 1.086250 41.499999
18.900000 -2.210401 -3.887689 1.061392 41.499999
18.920000 -2.128339 -3.933214 1.037155 41.499999
18.940000 -2.047243 -3.976028 1.013565 41.499999
18.960000 -1.967153 -4.016255 0.990649 41.499999
18.980000 -1.888104 -4.054018 0.968426 41.499999
19.000000 -1.810119 -4.089434 0.946915 41.499999
19.020000 -1.733214 -4.122617 0.926131 41.499999
19.040000 -1.657397 -4.153677 0.906088 41.499999
19.060000 -1.582670 -4.182721 0.886795 41.500000
19.080000 -1.509026 -4.209850 0.868263 41.500000
19.100000 -1.436455 -4.235162 0.850496 41.500000
19.120000 -1.364940 -4.258748 0.833500 41.500000
19.140000 -1.294460 -4.280698 0.817280 41.500000
19.160000 -1.224990 -4.301093 0.801837 41.500000
19.180000 -1.156499 -4.320013 0.787173 41.500000
19.200000 -1.088954 -4.337531 0.773288 41.500000
19.220000 -1.022320 -4.353718 0.760182 41.500000
19.240000 -0.956556 -4.368638 0.747854 41.500000
19.260000 -0.891621 -4.382352 0.736302 41.500000
19.280000 -0.827471 -4.394916 0.725525 41.500000
19.300000 -0.764061 -4.406383 0.715521 41.500000
19.320000 -0.701341 -4.416800 0.706286 41.500000
19.340000 -0.639263 -4.426211 0.697819 41.500000
19.360000 -0.577776 -4.434656 0.690116 41.500000
19.380000 -0.516828 -4.442172 0.683177 41.500000
19.400000 -0.456367 -4.448790 0.676997 41.500000
19.420000 -0.396338 -4.454539 0.671574 41.500000
19.440000 -0.336686 -4.459444 0.666907 41.500000
19.460000 -0.277358 -4.463527 0.662994 41.500000
19.480000 -0.218296 -4.466805 0.659833 41.500000
19.500000 -0.159445 -4.469293 0.657422 41.500000
19.520000 -0.100749 -4.471001 0.655760 41.500000
19.540000 -0.042150 -4.471937 0.654847 41.500000
19.560000 0.016408 -4.472106 0.654683 41.500000
19.580000 0.074981 -4.471507 0.655267 41.500000
19.600000 0.133628 -4.470139 0.656599 41.500000
19.620000 0.192404 -4.467995 0.658680 41.500000
19.640000 0.251366 -4.465066 0.661512 41.500000
19.660000 0.310570 -4.461339 0.665094 41.500000
19.680000 0.370073 -4.456798 0.669430 41.500000
19.700000 0.429929 -4.451422 0.674520 41.500000
19.720000 0.490194 -4.445189 0.680367 41.500000
19.740000 0.550921 -4.438072 0.686972 41.500000
19.760000 0.612165 -4.430040 0.694339 41.500000
19.780000 0.673977 -4.421058 0.702470 41.500000
19.800000 0.736408 -4.411089 0.711367 41.500000
19.820000 0.799509 -4.400089 0.721032 41.500000
19.840000 0.863328 -4.388014 0.731470 41.500000
19.860000 0.927912 -4.374812 0.742681 41.500000
19.880000 0.993306 -4.360429 0.754667 41.500000
19.900000 1.059553 -4.344807 0.767431 41.500000
19.920000 1.126693 -4.327882 0.780974 41.500000
19.940000 1.194764 -4.309587 0.795295 41.500000
19.960000 1.263800 -4.289850 0.810396 41.500000
19.980000 1.333833 -4.268593 0.826275 41.500000
20.000000 1.404890 -4.245737 0.842930 41.500000
