0.000000 1.000000 0.500000
0.333333 1.083333 0.466667
0.666667 1.161111 0.430556
1.000000 1.232870 0.391852
1.333333 1.298179 0.350756
1.666667 1.356638 0.307484
2.000000 1.407886 0.262262
2.333333 1.451596 0.215333
2.666667 1.487485 0.166946
3.000000 1.515309 0.117363
3.333333 1.534870 0.066853
3.666667 1.546012 0.015691
4.000000 1.548627 -0.035843
4.333333 1.542653 -0.087464
4.666667 1.528076 -0.138886
5.000000 1.504928 -0.189822
5.333333 1.473291 -0.239986
5.666667 1.433294 -0.289096
6.000000 1.385111 -0.336872
6.333333 1.328966 -0.383042
6.666667 1.265125 -0.427341
7.000000 1.193902 -0.469512
7.333333 1.115650 -0.509309
7.666667 1.030765 -0.546497
8.000000 0.939682 -0.580856
8.333333 0.842873 -0.612179
8.666667 0.740843 -0.640274
9.000000 0.634131 -0.664969
9.333333 0.523303 -0.686107
9.666667 0.408951 -0.703550
10.000000 0.291693 -0.717182
10.333333 0.172163 -0.726905
10.666667 0.051012 -0.732644
11.000000 -0.071096 -0.734344
11.333333 -0.193486 -0.731974
11.666667 -0.315482 -0.725525
12.000000 -0.436403 -0.715009
12.333333 -0.555571 -0.700462
12.666667 -0.672315 -0.681943
13.000000 -0.785972 -0.659533
13.333333 -0.895894 -0.633333
13.666667 -1.001449 -0.603470
14.000000 -1.102028 -0.570089
14.333333 -1.197043 -0.533354
14.666667 -1.285935 -0.493453
15.000000 -1.368177 -0.450589
15.333333 -1.443275 -0.404983
15.666667 -1.510772 -0.356873
16.000000 -1.570251 -0.306514
16.333333 -1.621337 -0.254173
16.666667 -1.663699 -0.200128
17.000000 -1.697054 -0.144671
17.333333 -1.721166 -0.088103
17.666667 -1.735850 -0.030731
18.000000 -1.740971 0.027131
18.333333 -1.736450 0.085163
18.666667 -1.722256 0.143045
19.000000 -1.698415 0.200453
19.333333 -1.665006 0.257067
19.666667 -1.622161 0.312567
20.000000 -1.570067 0.366639
20.333333 -1.508960 0.418975
20.666667 -1.439131 0.469274
21.000000 -1.360919 0.517245
21.333333 -1.274711 0.562609
21.666667 -1.180943 0.605099
22.000000 -1.080093 0.644464
22.333333 -0.972683 0.680467
22.666667 -0.859272 0.712890
23.000000 -0.740457 0.741532
23.333333 -0.616868 0.766214
23.666667 -0.489166 0.786776
24.000000 -0.358036 0.803082
24.333333 -0.224189 0.815016
24.666667 -0.088353 0.822489
25.000000 0.048728 0.825434
25.333333 0.186301 0.823810
25.666667 0.323602 0.817600
26.000000 0.459869 0.806813
26.333333 0.594338 0.791484
26.666667 0.726252 0.771673
27.000000 0.854864 0.747465
27.333333 0.979442 0.718969
27.666667 1.099270 0.686321
28.000000 1.213657 0.649679
28.333333 1.321937 0.609224
28.666667 1.423474 0.565159
29.000000 1.517667 0.517710
29.333333 1.603952 0.467121
29.666667 1.681806 0.413656
30.000000 1.750748 0.357596
30.333333 1.810348 0.299238
30.666667 1.860220 0.238893
31.000000 1.900036 0.176885
31.333333 1.929517 0.113551
31.666667 1.948442 0.049233
32.000000 1.956647 -0.015715
32.333333 1.954028 -0.080936
32.666667 1.940539 -0.146070
33.000000 1.916194 -0.210755
33.333333 1.881068 -0.274628
33.666667 1.835297 -0.337330
34.000000 1.779075 -0.398507
34.333333 1.712657 -0.457810
34.666667 1.636356 -0.514898
35.000000 1.550539 -0.569443
35.333333 1.455632 -0.621128
35.666667 1.352111 -0.669649
36.000000 1.240503 -0.714719
36.333333 1.121383 -0.756069
36.666667 0.995371 -0.793449
37.000000 0.863130 -0.826628
37.333333 0.725358 -0.855399
37.666667 0.582792 -0.879577
38.000000 0.436196 -0.899004
38.333333 0.286362 -0.913544
38.666667 0.134104 -0.923089
39.000000 -0.019744 -0.927559
39.333333 -0.174337 -0.926901
39.666667 -0.328821 -0.921090
40.000000 -0.482336 -0.910129
40.333333 -0.634024 -0.894051
40.666667 -0.783032 -0.872917
41.000000 -0.928519 -0.846816
41.333333 -1.069655 -0.815866
41.666667 -1.205632 -0.780210
42.000000 -1.335667 -0.740023
42.333333 -1.459004 -0.695500
42.666667 -1.574921 -0.646867
43.000000 -1.682732 -0.594370
43.333333 -1.781794 -0.538278
43.666667 -1.871507 -0.478885
44.000000 -1.951321 -0.416502
44.333333 -2.020738 -0.351458
44.666667 -2.079314 -0.284100
45.000000 -2.126664 -0.214789
45.333333 -2.162463 -0.143901
45.666667 -2.186446 -0.071818
46.000000 -2.198416 0.001063
46.333333 -2.198239 0.074344
46.666667 -2.185848 0.147618
47.000000 -2.161245 0.220480
47.333333 -2.124498 0.292521
47.666667 -2.075745 0.363338
48.000000 -2.015188 0.432529
48.333333 -1.943100 0.499702
48.666667 -1.859816 0.564472
49.000000 -1.765738 0.626466
49.333333 -1.661327 0.685324
49.666667 -1.547106 0.740702
50.000000 -1.423656 0.792272
50.333333 -1.291610 0.839727
50.666667 -1.151656 0.882781
51.000000 -1.004526 0.921169
51.333333 -0.850997 0.954654
51.666667 -0.691888 0.983020
52.000000 -0.528052 1.006083
52.333333 -0.360371 1.023685
52.666667 -0.189757 1.035697
53.000000 -0.017141 1.042022
53.333333 0.156529 1.042594
53.666667 0.330295 1.037376
54.000000 0.503191 1.026366
54.333333 0.674252 1.009593
54.666667 0.842518 0.987118
55.000000 1.007037 0.959034
55.333333 1.166876 0.925466
55.666667 1.321121 0.886570
56.000000 1.468883 0.842533
56.333333 1.609305 0.793570
56.666667 1.741566 0.739927
57.000000 1.864888 0.681875
57.333333 1.978533 0.619712
57.666667 2.081819 0.553761
58.000000 2.174112 0.484367
58.333333 2.254840 0.411896
58.666667 2.323489 0.336735
59.000000 2.379612 0.259285
59.333333 2.422826 0.179965
59.666667 2.452820 0.099204
60.000000 2.469354 0.017443
60.333333 2.472261 -0.064868
60.666667 2.461450 -0.147277
61.000000 2.436904 -0.229325
61.333333 2.398683 -0.310556
61.666667 2.346924 -0.390512
62.000000 2.281838 -0.468742
62.333333 2.203714 -0.544804
62.666667 2.112914 -0.618261
63.000000 2.009870 -0.688691
63.333333 1.895088 -0.755687
63.666667 1.769141 -0.818857
64.000000 1.632665 -0.877828
64.333333 1.486360 -0.932250
64.666667 1.330985 -0.981795
65.000000 1.167352 -1.026162
65.333333 0.996325 -1.065073
65.666667 0.818813 -1.098284
66.000000 0.635766 -1.125578
66.333333 0.448169 -1.146770
66.666667 0.257041 -1.161709
67.000000 0.063423 -1.170277
67.333333 -0.131623 -1.172391
67.666667 -0.327022 -1.168004
68.000000 -0.521689 -1.157103
68.333333 -0.714540 -1.139713
68.666667 -0.904492 -1.115895
69.000000 -1.090475 -1.085746
69.333333 -1.271432 -1.049397
69.666667 -1.446332 -1.007016
70.000000 -1.614168 -0.958804
70.333333 -1.773968 -0.904999
70.666667 -1.924801 -0.845867
71.000000 -2.065779 -0.781707
71.333333 -2.196064 -0.712847
71.666667 -2.314872 -0.639645
72.000000 -2.421479 -0.562483
72.333333 -2.515226 -0.481767
72.666667 -2.595521 -0.397926
73.000000 -2.661842 -0.311409
73.333333 -2.713743 -0.222680
73.666667 -2.750857 -0.132222
74.000000 -2.772894 -0.040527
74.333333 -2.779648 0.051903
74.666667 -2.770998 0.144558
75.000000 -2.746905 0.236924
75.333333 -2.707417 0.328488
75.666667 -2.652669 0.418735
76.000000 -2.582880 0.507157
76.333333 -2.498354 0.593253
76.666667 -2.399479 0.676532
77.000000 -2.286723 0.756514
77.333333 -2.160638 0.832738
77.666667 -2.021848 0.904760
78.000000 -1.871055 0.972155
78.333333 -1.709029 1.034523
78.666667 -1.536608 1.091491
79.000000 -1.354693 1.142711
79.333333 -1.164241 1.187867
79.666667 -0.966263 1.226675
80.000000 -0.761818 1.258884
80.333333 -0.552003 1.284278
80.666667 -0.337957 1.302678
81.000000 -0.120844 1.313944
81.333333 0.098146 1.317972
81.666667 0.317808 1.314700
82.000000 0.536925 1.304106
82.333333 0.754276 1.286209
82.666667 0.968644 1.261066
83.000000 1.178822 1.228778
83.333333 1.383618 1.189484
83.666667 1.581866 1.143364
84.000000 1.772426 1.090635
84.333333 1.954199 1.031554
84.666667 2.126125 0.966414
85.000000 2.287194 0.895543
85.333333 2.436451 0.819303
85.666667 2.573001 0.738088
86.000000 2.696016 0.652322
86.333333 2.804736 0.562454
86.666667 2.898479 0.468963
87.000000 2.976639 0.372347
87.333333 3.038697 0.273126
87.666667 3.084218 0.171836
88.000000 3.112857 0.069029
88.333333 3.124362 -0.034733
88.666667 3.118573 -0.138879
89.000000 3.095427 -0.242831
89.333333 3.054955 -0.346012
89.666667 2.997286 -0.447844
90.000000 2.922646 -0.547753
90.333333 2.831353 -0.645175
90.666667 2.723824 -0.739553
91.000000 2.600565 -0.830347
91.333333 2.462174 -0.917033
91.666667 2.309335 -0.999105
92.000000 2.142818 -1.076083
92.333333 1.963471 -1.147511
92.666667 1.772219 -1.212960
93.000000 1.570059 -1.272034
93.333333 1.358053 -1.324369
93.666667 1.137325 -1.369637
94.000000 0.909052 -1.407548
94.333333 0.674461 -1.437850
94.666667 0.434819 -1.460332
95.000000 0.191431 -1.474826
95.333333 -0.054374 -1.481207
95.666667 -0.301241 -1.479394
96.000000 -0.547807 -1.469353
96.333333 -0.792699 -1.451093
96.666667 -1.034548 -1.424669
97.000000 -1.271993 -1.390185
97.333333 -1.503690 -1.347785
97.666667 -1.728321 -1.297662
98.000000 -1.944598 -1.240051
98.333333 -2.151273 -1.175231
98.666667 -2.347145 -1.103522
99.000000 -2.531066 -1.025284
99.333333 -2.701946 -0.940915
99.666667 -2.858765 -0.850850
100.000000 -3.000574 -0.755558
100.333333 -3.126500 -0.655539
100.666667 -3.235757 -0.551322
101.000000 -3.327644 -0.443464
101.333333 -3.401554 -0.332542
101.666667 -3.456978 -0.219157
102.000000 -3.493504 -0.103924
102.333333 -3.510825 0.012526
102.666667 -3.508737 0.129553
103.000000 -3.487145 0.246511
103.333333 -3.446060 0.362749
103.666667 -3.385602 0.477618
104.000000 -3.305999 0.590471
104.333333 -3.207587 0.700671
104.666667 -3.090808 0.807591
105.000000 -2.956210 0.910618
105.333333 -2.804440 1.009158
105.666667 -2.636247 1.102639
106.000000 -2.452474 1.190514
106.333333 -2.254055 1.272263
106.666667 -2.042011 1.347399
107.000000 -1.817444 1.415466
107.333333 -1.581533 1.476047
107.666667 -1.335526 1.528765
108.000000 -1.080731 1.573282
108.333333 -0.818518 1.609307
108.666667 -0.550300 1.636591
109.000000 -0.277535 1.654934
109.333333 -0.001712 1.664185
109.666667 0.275652 1.664242
110.000000 0.553025 1.655054
110.333333 0.828868 1.636620
110.666667 1.101638 1.608991
111.000000 1.369803 1.572270
111.333333 1.631848 1.526609
111.666667 1.886283 1.472214
112.000000 2.131652 1.409338
112.333333 2.366542 1.338283
112.666667 2.589589 1.259399
113.000000 2.799488 1.173079
113.333333 2.995002 1.079763
113.666667 3.174962 0.979929
114.000000 3.338284 0.874097
114.333333 3.483967 0.762821
114.666667 3.611103 0.646689
115.000000 3.718885 0.526319
115.333333 3.806605 0.402356
115.666667 3.873664 0.275469
116.000000 3.919576 0.146347
116.333333 3.943967 0.015694
116.666667 3.946582 -0.115771
117.000000 3.927287 -0.247324
117.333333 3.886067 -0.378233
117.666667 3.823028 -0.507769
118.000000 3.738400 -0.635203
118.333333 3.632532 -0.759817
118.666667 3.505896 -0.880901
119.000000 3.359079 -0.997764
119.333333 3.192785 -1.109733
119.666667 3.007830 -1.216160
120.000000 2.805137 -1.316421
120.333333 2.585733 -1.409925
120.666667 2.350746 -1.496116
121.000000 2.101393 -1.574474
121.333333 1.838981 -1.644521
121.666667 1.564894 -1.705820
122.000000 1.280590 -1.757983
122.333333 0.987593 -1.800670
122.666667 0.687481 -1.833590
123.000000 0.381883 -1.856506
123.333333 0.072466 -1.869235
123.666667 -0.239074 -1.871651
124.000000 -0.551015 -1.863681
124.333333 -0.861629 -1.845314
124.666667 -1.169181 -1.816593
125.000000 -1.471947 -1.777621
125.333333 -1.768217 -1.728556
125.666667 -2.056309 -1.669615
126.000000 -2.334579 -1.601071
126.333333 -2.601424 -1.523252
126.666667 -2.855299 -1.436538
127.000000 -3.094722 -1.341361
127.333333 -3.318282 -1.238204
127.666667 -3.524650 -1.127595
128.000000 -3.712582 -1.010106
128.333333 -3.880933 -0.886353
128.666667 -4.028659 -0.756989
129.000000 -4.154824 -0.622700
129.333333 -4.258607 -0.484206
129.666667 -4.339308 -0.342253
130.000000 -4.396350 -0.197609
130.333333 -4.429285 -0.051064
130.666667 -4.437796 0.096579
131.000000 -4.421699 0.244505
131.333333 -4.380948 0.391895
131.666667 -4.315633 0.537927
132.000000 -4.225978 0.681781
132.333333 -4.112348 0.822647
132.666667 -3.975240 0.959725
133.000000 -3.815286 1.092233
133.333333 -3.633247 1.219410
133.666667 -3.430012 1.340518
134.000000 -3.206592 1.454852
134.333333 -2.964117 1.561738
134.666667 -2.703827 1.660542
135.000000 -2.427070 1.750670
135.333333 -2.135292 1.831572
135.666667 -1.830030 1.902748
136.000000 -1.512905 1.963749
136.333333 -1.185614 2.014179
136.666667 -0.849917 2.053700
137.000000 -0.507634 2.082030
137.333333 -0.160629 2.098952
137.666667 0.189196 2.104306
138.000000 0.539914 2.097999
138.333333 0.889581 2.080002
138.666667 1.236248 2.050350
139.000000 1.577973 2.009141
139.333333 1.912829 1.956542
139.666667 2.238920 1.892781
140.000000 2.554383 1.818151
140.333333 2.857408 1.733004
140.666667 3.146243 1.637758
141.000000 3.419202 1.532883
141.333333 3.674683 1.418909
141.666667 3.911167 1.296420
142.000000 4.127237 1.166048
142.333333 4.321579 1.028473
142.666667 4.492991 0.884420
143.000000 4.640394 0.734654
143.333333 4.762837 0.579974
143.666667 4.859499 0.421213
144.000000 4.929701 0.259230
144.333333 4.972906 0.094906
144.666667 4.988724 -0.070857
145.000000 4.976914 -0.237148
145.333333 4.937390 -0.403045
145.666667 4.870216 -0.567625
146.000000 4.775611 -0.729965
146.333333 4.653951 -0.889152
146.666667 4.505759 -1.044284
147.000000 4.331711 -1.194476
147.333333 4.132632 -1.338866
147.666667 3.909488 -1.476621
148.000000 3.663384 -1.606937
148.333333 3.395561 -1.729050
148.666667 3.107386 -1.842235
149.000000 2.800347 -1.945815
149.333333 2.476045 -2.039160
149.666667 2.136185 -2.121694
150.000000 1.782569 -2.192901
150.333333 1.417086 -2.252320
150.666667 1.041699 -2.299556
151.000000 0.658440 -2.334279
151.333333 0.269393 -2.356227
151.666667 -0.123311 -2.365207
152.000000 -0.517512 -2.361096
152.333333 -0.911029 -2.343846
152.666667 -1.301670 -2.313478
153.000000 -1.687249 -2.270089
153.333333 -2.065597 -2.213848
153.666667 -2.434572 -2.144994
154.000000 -2.792071 -2.063842
154.333333 -3.136045 -1.970773
154.666667 -3.464507 -1.866238
155.000000 -3.775547 -1.750755
155.333333 -4.067339 -1.624903
155.666667 -4.338156 -1.489325
156.000000 -4.586377 -1.344720
156.333333 -4.810497 -1.191841
156.666667 -5.009137 -1.031491
157.000000 -5.181052 -0.864520
157.333333 -5.325139 -0.691818
157.666667 -5.440442 -0.514313
158.000000 -5.526161 -0.332965
158.333333 -5.581655 -0.148760
158.666667 -5.606448 0.037295
159.000000 -5.600232 0.224177
159.333333 -5.562870 0.410851
159.666667 -5.494394 0.596280
160.000000 -5.395014 0.779427
160.333333 -5.265110 0.959261
160.666667 -5.105233 1.134764
161.000000 -4.916106 1.304939
161.333333 -4.698616 1.468809
161.666667 -4.453814 1.625430
162.000000 -4.182909 1.773890
162.333333 -3.887261 1.913320
162.666667 -3.568374 2.042896
163.000000 -3.227892 2.161842
163.333333 -2.867585 2.269438
163.666667 -2.489345 2.365024
164.000000 -2.095174 2.448002
164.333333 -1.687174 2.517841
164.666667 -1.267534 2.574081
165.000000 -0.838520 2.616332
165.333333 -0.402465 2.644282
165.666667 0.038249 2.657698
166.000000 0.481198 2.656423
166.333333 0.923935 2.640383
166.666667 1.363999 2.609585
167.000000 1.798930 2.564118
167.333333 2.226283 2.504154
167.666667 2.643642 2.429945
168.000000 3.048633 2.341823
168.333333 3.438937 2.240202
168.666667 3.812304 2.125571
169.000000 4.166566 1.998494
169.333333 4.499648 1.859609
169.666667 4.809583 1.709620
170.000000 5.094519 1.549301
170.333333 5.352736 1.379484
170.666667 5.582650 1.201059
171.000000 5.782827 1.014971
171.333333 5.951989 0.822210
171.666667 6.089024 0.623810
172.000000 6.192992 0.420843
172.333333 6.263132 0.214410
172.666667 6.298867 0.005639
173.000000 6.299807 -0.204324
173.333333 6.265753 -0.414317
173.666667 6.196700 -0.623176
174.000000 6.092838 -0.829732
174.333333 5.954549 -1.032827
174.666667 5.782411 -1.231312
175.000000 5.577192 -1.424059
175.333333 5.339849 -1.609965
175.666667 5.071522 -1.787960
176.000000 4.773528 -1.957011
176.333333 4.447360 -2.116129
176.666667 4.094672 -2.264374
177.000000 3.717276 -2.400863
177.333333 3.317132 -2.524772
177.666667 2.896337 -2.635343
178.000000 2.457113 -2.731888
178.333333 2.001798 -2.813792
178.666667 1.532833 -2.880518
179.000000 1.052747 -2.931613
179.333333 0.564145 -2.966704
179.666667 0.069694 -2.985509
180.000000 -0.427891 -2.987832
180.333333 -0.925863 -2.973569
180.666667 -1.421458 -2.942707
181.000000 -1.911909 -2.895325
181.333333 -2.394463 -2.831595
181.666667 -2.866396 -2.751779
182.000000 -3.325026 -2.656233
182.333333 -3.767731 -2.545399
182.666667 -4.191964 -2.419808
183.000000 -4.595265 -2.280076
183.333333 -4.975278 -2.126900
183.666667 -5.329761 -1.961057
184.000000 -5.656604 -1.783399
184.333333 -5.953837 -1.594845
184.666667 -6.219645 -1.396384
185.000000 -6.452376 -1.189062
185.333333 -6.650553 -0.973983
185.666667 -6.812883 -0.752298
186.000000 -6.938266 -0.525202
186.333333 -7.025800 -0.293927
186.666667 -7.074788 -0.059733
187.000000 -7.084743 0.176093
187.333333 -7.055394 0.412251
187.666667 -6.986686 0.647431
188.000000 -6.878781 0.880320
188.333333 -6.732061 1.109613
188.666667 -6.547125 1.334015
189.000000 -6.324789 1.552253
189.333333 -6.066080 1.763079
189.666667 -5.772234 1.965282
190.000000 -5.444687 2.157689
190.333333 -5.085072 2.339179
190.666667 -4.695209 2.508681
191.000000 -4.277095 2.665188
191.333333 -3.832897 2.807758
191.666667 -3.364938 2.935521
192.000000 -2.875684 3.047686
192.333333 -2.367736 3.143542
192.666667 -1.843813 3.222467
193.000000 -1.306735 3.283927
193.333333 -0.759414 3.327485
193.666667 -0.204833 3.352799
194.000000 0.353967 3.359627
194.333333 0.913905 3.347828
194.666667 1.471876 3.317364
195.000000 2.024770 3.268302
195.333333 2.569487 3.200809
195.666667 3.102955 3.115160
196.000000 3.622149 3.011728
196.333333 4.124103 2.890990
196.666667 4.605935 2.753519
197.000000 5.064855 2.599988
197.333333 5.498186 2.431160
197.666667 5.903379 2.247887
198.000000 6.278027 2.051108
198.333333 6.619878 1.841840
198.666667 6.926852 1.621177
199.000000 7.197048 1.390282
199.333333 7.428762 1.150381
199.666667 7.620492 0.902755
200.000000 7.770951 0.648739
200.333333 7.879074 0.389707
200.666667 7.944026 0.127071
201.000000 7.965204 -0.137729
201.333333 7.942249 -0.403236
201.666667 7.875043 -0.667978
202.000000 7.763714 -0.930479
202.333333 7.608634 -1.189270
202.666667 7.410422 -1.442891
203.000000 7.169940 -1.689905
203.333333 6.888289 -1.928903
203.666667 6.566806 -2.158513
204.000000 6.207054 -2.377406
204.333333 5.810819 -2.584308
204.666667 5.380101 -2.778002
205.000000 4.917101 -2.957339
205.333333 4.424211 -3.121242
205.666667 3.904004 -3.268716
206.000000 3.359218 -3.398849
206.333333 2.792743 -3.510823
206.666667 2.207606 -3.603914
207.000000 1.606954 -3.677501
207.333333 0.994037 -3.731066
207.666667 0.372193 -3.764201
208.000000 -0.255174 -3.776607
208.333333 -0.884609 -3.768102
208.666667 -1.512626 -3.738615
209.000000 -2.135728 -3.688194
209.333333 -2.750427 -3.617003
209.666667 -3.353261 -3.525322
210.000000 -3.940815 -3.413547
210.333333 -4.509739 -3.282186
210.666667 -5.056770 -3.131861
211.000000 -5.578747 -2.963302
211.333333 -6.072631 -2.777344
211.666667 -6.535522 -2.574923
212.000000 -6.964675 -2.357072
212.333333 -7.357521 -2.124917
212.666667 -7.711674 -1.879666
213.000000 -8.024951 -1.622610
213.333333 -8.295386 -1.355112
213.666667 -8.521238 -1.078599
214.000000 -8.701005 -0.794558
214.333333 -8.833431 -0.504524
214.666667 -8.917518 -0.210076
215.000000 -8.952531 0.087174
215.333333 -8.938002 0.385592
215.666667 -8.873737 0.683525
216.000000 -8.759816 0.979317
216.333333 -8.596596 1.271310
216.666667 -8.384711 1.557864
217.000000 -8.125067 1.837354
217.333333 -7.818842 2.108190
217.666667 -7.467477 2.368818
218.000000 -7.072674 2.617733
218.333333 -6.636385 2.853489
218.666667 -6.160803 3.074702
219.000000 -5.648353 3.280062
219.333333 -5.101676 3.468341
219.666667 -4.523619 3.638397
220.000000 -3.917220 3.789184
220.333333 -3.285689 3.919758
220.666667 -2.632396 4.029281
221.000000 -1.960849 4.117027
221.333333 -1.274678 4.182389
221.666667 -0.577613 4.224878
222.000000 0.126533 4.244132
222.333333 0.833888 4.239914
222.666667 1.540541 4.212118
223.000000 2.242560 4.160767
223.333333 2.936022 4.086015
223.666667 3.617024 3.988147
224.000000 4.281715 3.867580
224.333333 4.926312 3.724856
224.666667 5.547121 3.560646
225.000000 6.140562 3.375742
225.333333 6.703186 3.171056
225.666667 7.231695 2.947617
226.000000 7.722964 2.706560
226.333333 8.174058 2.449128
226.666667 8.582246 2.176659
227.000000 8.945022 1.890585
227.333333 9.260120 1.592417
227.666667 9.525523 1.283746
228.000000 9.739480 0.966229
228.333333 9.900519 0.641580
228.666667 10.007448 0.311562
229.000000 10.059376 -0.022019
229.333333 10.055706 -0.357332
229.666667 9.996150 -0.692522
230.000000 9.880730 -1.025727
230.333333 9.709776 -1.355085
230.666667 9.483928 -1.678744
231.000000 9.204137 -1.994875
231.333333 8.871658 -2.301679
231.666667 8.488045 -2.597401
232.000000 8.055145 -2.880336
232.333333 7.575089 -3.148841
232.666667 7.050282 -3.401344
233.000000 6.483391 -3.636353
233.333333 5.877333 -3.852466
233.666667 5.235255 -4.048377
234.000000 4.560525 -4.222886
234.333333 3.856711 -4.374903
234.666667 3.127560 -4.503460
235.000000 2.376984 -4.607712
235.333333 1.609032 -4.686945
235.666667 0.827874 -4.740580
236.000000 0.037777 -4.768175
236.333333 -0.756919 -4.769435
236.666667 -1.551824 -4.744204
237.000000 -2.342525 -4.692477
237.333333 -3.124604 -4.614392
237.666667 -3.893670 -4.510239
238.000000 -4.645376 -4.380450
238.333333 -5.375451 -4.225604
238.666667 -6.079719 -4.046422
239.000000 -6.754122 -3.843765
239.333333 -7.394750 -3.618628
239.666667 -7.997855 -3.372136
240.000000 -8.559877 -3.105541
240.333333 -9.077467 -2.820212
240.666667 -9.547503 -2.517629
241.000000 -9.967108 -2.199379
241.333333 -10.333671 -1.867142
241.666667 -10.644861 -1.522687
242.000000 -10.898642 -1.167858
242.333333 -11.093285 -0.804570
242.666667 -11.227380 -0.434794
243.000000 -11.299846 -0.060548
243.333333 -11.309937 0.316114
243.666667 -11.257251 0.693112
244.000000 -11.141733 1.068353
244.333333 -10.963674 1.439745
244.666667 -10.723717 1.805200
245.000000 -10.422850 2.162658
245.333333 -10.062407 2.510086
245.666667 -9.644059 2.845499
246.000000 -9.169809 3.166968
246.333333 -8.641981 3.472628
246.666667 -8.063210 3.760694
247.000000 -7.436428 4.029468
247.333333 -6.764850 4.277349
247.666667 -6.051958 4.502844
248.000000 -5.301484 4.704576
248.333333 -4.517388 4.881292
248.666667 -3.703839 5.031872
249.000000 -2.865194 5.155333
249.333333 -2.005972 5.250839
249.666667 -1.130832 5.317705
250.000000 -0.244548 5.355400
250.333333 0.648019 5.363551
250.666667 1.541944 5.341951
251.000000 2.432269 5.290552
251.333333 3.314028 5.209477
251.666667 4.182274 5.099009
252.000000 5.032109 4.959600
252.333333 5.858709 4.791863
252.666667 6.657353 4.596573
253.000000 7.423448 4.374661
253.333333 8.152558 4.127213
253.666667 8.840427 3.855461
254.000000 9.483004 3.560780
254.333333 10.076467 3.244680
254.666667 10.617247 2.908798
255.000000 11.102047 2.554889
255.333333 11.527862 2.184821
255.666667 11.891999 1.800559
256.000000 12.192092 1.404159
256.333333 12.426118 0.997756
256.666667 12.592411 0.583552
257.000000 12.689670 0.163805
257.333333 12.716970 -0.259184
257.666667 12.673773 -0.683083
258.000000 12.559926 -1.105542
258.333333 12.375669 -1.524206
258.666667 12.121635 -1.936729
259.000000 11.798846 -2.340783
259.333333 11.408716 -2.734078
259.666667 10.953036 -3.114368
260.000000 10.433975 -3.479470
260.333333 9.854063 -3.827269
260.666667 9.216185 -4.155738
261.000000 8.523562 -4.462944
261.333333 7.779738 -4.747062
261.666667 6.988561 -5.006387
262.000000 6.154163 -5.239339
262.333333 5.280940 -5.444478
262.666667 4.373527 -5.620509
263.000000 3.436776 -5.766293
263.333333 2.475727 -5.880853
263.666667 1.495585 -5.963377
264.000000 0.501688 -6.013230
264.333333 -0.500517 -6.029953
264.666667 -1.505509 -6.013269
265.000000 -2.507720 -5.963085
265.333333 -3.501568 -5.879494
265.666667 -4.481483 -5.762776
266.000000 -5.441946 -5.613393
266.333333 -6.377511 -5.431995
266.666667 -7.282844 -5.219411
267.000000 -8.152746 -4.976649
267.333333 -8.982187 -4.704891
267.666667 -9.766336 -4.405485
268.000000 -10.500583 -4.079940
268.333333 -11.180573 -3.729921
268.666667 -11.802227 -3.357235
269.000000 -12.361766 -2.963828
269.333333 -12.855737 -2.551769
269.666667 -13.281032 -2.123244
270.000000 -13.634906 -1.680543
270.333333 -13.914997 -1.226046
270.666667 -14.119338 -0.762213
271.000000 -14.246373 -0.291568
271.333333 -14.294968 0.183311
271.666667 -14.264416 0.659810
272.000000 -14.154448 1.135290
272.333333 -13.965233 1.607105
272.666667 -13.697382 2.072613
273.000000 -13.351947 2.529192
273.333333 -12.930415 2.974257
273.666667 -12.434705 3.405271
274.000000 -11.867160 3.819761
274.333333 -11.230533 4.215333
274.666667 -10.527978 4.589684
275.000000 -9.763030 4.940617
275.333333 -8.939594 5.266051
275.666667 -8.061919 5.564038
276.000000 -7.134579 5.832768
276.333333 -6.162451 6.070588
276.666667 -5.150687 6.276003
277.000000 -4.104686 6.447692
277.333333 -3.030071 6.584515
277.666667 -1.932652 6.685517
278.000000 -0.818399 6.749939
278.333333 0.306591 6.777219
278.666667 1.436128 6.766999
279.000000 2.563961 6.719128
279.333333 3.683815 6.633663
279.666667 4.789426 6.510869
280.000000 5.874571 6.351222
280.333333 6.933108 6.155403
280.666667 7.959008 5.924299
281.000000 8.946391 5.658999
281.333333 9.889558 5.360786
281.666667 10.783022 5.031134
282.000000 11.621545 4.671700
282.333333 12.400161 4.284315
282.666667 13.114214 3.870976
283.000000 13.759376 3.433836
283.333333 14.331682 2.975190
283.666667 14.827547 2.497467
284.000000 15.243792 2.003216
284.333333 15.577661 1.495089
284.666667 15.826843 0.975834
285.000000 15.989482 0.448272
285.333333 16.064194 -0.084710
285.666667 16.050075 -0.620183
286.000000 15.946711 -1.155186
286.333333 15.754180 -1.686743
286.666667 15.473056 -2.211882
287.000000 15.104409 -2.727651
287.333333 14.649801 -3.231131
287.666667 14.111279 -3.719458
288.000000 13.491369 -4.189834
288.333333 12.793064 -4.639546
288.666667 12.019806 -5.065982
289.000000 11.175476 -5.466642
289.333333 10.264369 -5.839158
289.666667 9.291176 -6.181303
290.000000 8.260959 -6.491009
290.333333 7.179124 -6.766374
290.666667 6.051395 -7.005679
291.000000 4.883782 -7.207392
291.333333 3.682550 -7.370184
291.666667 2.454186 -7.492936
292.000000 1.205363 -7.574742
292.333333 -0.057094 -7.614921
292.666667 -1.326248 -7.613018
293.000000 -2.595084 -7.568810
293.333333 -3.856552 -7.482307
293.666667 -5.103603 -7.353755
294.000000 -6.329229 -7.183635
294.333333 -7.526502 -6.972661
294.666667 -8.688612 -6.721777
295.000000 -9.808908 -6.432157
295.333333 -10.880934 -6.105193
295.666667 -11.898467 -5.742496
296.000000 -12.855549 -5.345880
296.333333 -13.746529 -4.917362
296.666667 -14.566089 -4.459144
297.000000 -15.309280 -3.973608
297.333333 -15.971548 -3.463298
297.666667 -16.548764 -2.930913
298.000000 -17.037250 -2.379288
298.333333 -17.433798 -1.811380
298.666667 -17.735695 -1.230253
299.000000 -17.940737 -0.639063
299.333333 -18.047247 -0.041039
299.666667 -18.054087 0.560536
300.000000 -17.960664 1.162339
300.333333 -17.766941 1.761028
300.666667 -17.473437 2.353259
301.000000 -17.081227 2.935707
301.333333 -16.591942 3.505081
301.666667 -16.007762 4.058146
302.000000 -15.331404 4.591738
302.333333 -14.566114 5.102785
302.666667 -13.715650 5.588322
303.000000 -12.784263 6.045511
303.333333 -11.776678 6.471653
303.666667 -10.698069 6.864209
304.000000 -9.554035 7.220811
304.333333 -8.350566 7.539279
304.666667 -7.094020 7.817631
305.000000 -5.791081 8.054098
305.333333 -4.448731 8.247134
305.666667 -3.074209 8.395425
306.000000 -1.674972 8.497899
306.333333 -0.258655 8.553731
306.666667 1.166967 8.562353
307.000000 2.594026 8.523454
307.333333 4.014601 8.436987
307.666667 5.420766 8.303167
308.000000 6.804627 8.122475
308.333333 8.158373 7.895654
308.666667 9.474315 7.623708
309.000000 10.744933 7.307897
309.333333 11.962916 6.949733
309.666667 13.121205 6.550969
310.000000 14.213033 6.113596
310.333333 15.231966 5.639828
310.666667 16.171937 5.132096
311.000000 17.027286 4.593031
311.333333 17.792791 4.025455
311.666667 18.463700 3.432362
312.000000 19.035761 2.816905
312.333333 19.505245 2.182380
312.666667 19.868975 1.532205
313.000000 20.124342 0.869906
313.333333 20.269327 0.199094
313.666667 20.302509 -0.476550
314.000000 20.223084 -1.153300
314.333333 20.030867 -1.827403
314.666667 19.726300 -2.495099
315.000000 19.310450 -3.152642
315.333333 18.785010 -3.796324
315.666667 18.152290 -4.422491
316.000000 17.415208 -5.027567
316.333333 16.577280 -5.608074
316.666667 15.642601 -6.160650
317.000000 14.615826 -6.682070
317.333333 13.502148 -7.169264
317.666667 12.307270 -7.619336
318.000000 11.037381 -8.029578
318.333333 9.699118 -8.397491
318.666667 8.299536 -8.720795
319.000000 6.846071 -8.997446
319.333333 5.346496 -9.225648
319.666667 3.808888 -9.403865
320.000000 2.241577 -9.530828
320.333333 0.653106 -9.605547
320.666667 -0.947818 -9.627317
321.000000 -2.552371 -9.595723
321.333333 -4.151658 -9.510644
321.666667 -5.736766 -9.372256
322.000000 -7.298808 -9.181030
322.333333 -8.828980 -8.937736
322.666667 -10.318603 -8.643437
323.000000 -11.759176 -8.299484
323.333333 -13.142423 -7.907511
323.666667 -14.460341 -7.469430
324.000000 -15.705246 -6.987419
324.333333 -16.869816 -6.463911
324.666667 -17.947135 -5.901584
325.000000 -18.930732 -5.303346
325.333333 -19.814623 -4.672321
325.666667 -20.593343 -4.011834
326.000000 -21.261982 -3.325389
326.333333 -21.816214 -2.616656
326.666667 -22.252323 -1.889449
327.000000 -22.567231 -1.147705
327.333333 -22.758515 -0.395464
327.666667 -22.824426 0.363153
328.000000 -22.763901 1.123967
328.333333 -22.576573 1.882764
328.666667 -22.262779 2.635316
329.000000 -21.823559 3.377409
329.333333 -21.260658 4.104861
329.666667 -20.576514 4.813550
330.000000 -19.774256 5.499433
330.333333 -18.857684 6.158575
330.666667 -17.831255 6.787165
331.000000 -16.700061 7.381540
331.333333 -15.469804 7.938209
331.666667 -14.146769 8.453869
332.000000 -12.737791 8.925428
332.333333 -11.250220 9.350021
332.666667 -9.691883 9.725028
333.000000 -8.071045 10.048091
333.333333 -6.396363 10.317126
333.666667 -4.676842 10.530338
334.000000 -2.921786 10.686232
334.333333 -1.140747 10.783625
334.666667 0.656524 10.821650
335.000000 2.460132 10.799766
335.333333 4.260093 10.717762
335.666667 6.046387 10.575759
336.000000 7.809013 10.374212
336.333333 9.538049 10.113912
336.666667 11.223700 9.795977
337.000000 12.856363 9.421854
337.333333 14.426672 8.993308
337.666667 15.925557 8.512419
338.000000 17.344294 7.981567
338.333333 18.674555 7.403424
338.666667 19.908459 6.780939
339.000000 21.038615 6.117324
339.333333 22.058169 5.416037
339.666667 22.960842 4.680764
340.000000 23.740969 3.915403
340.333333 24.393536 3.124037
340.666667 24.914209 2.310919
341.000000 25.299362 1.480446
341.333333 25.546103 0.637134
341.666667 25.652292 -0.214403
342.000000 25.616558 -1.069480
342.333333 25.438312 -1.923365
342.666667 25.117751 -2.771309
343.000000 24.655866 -3.608567
343.333333 24.054438 -4.430429
343.666667 23.316034 -5.232244
344.000000 22.443993 -6.009445
344.333333 21.442419 -6.757578
344.666667 20.316156 -7.472325
345.000000 19.070768 -8.149531
345.333333 17.712513 -8.785223
345.666667 16.248309 -9.375640
346.000000 14.685703 -9.917250
346.333333 13.032828 -10.406774
346.666667 11.298365 -10.841201
347.000000 9.491498 -11.217813
347.333333 7.621863 -11.534197
347.666667 5.699497 -11.788259
348.000000 3.734787 -11.978242
348.333333 1.738413 -12.102735
348.666667 -0.278709 -12.160682
349.000000 -2.305490 -12.151392
349.333333 -4.330721 -12.074542
349.666667 -6.343145 -11.930185
350.000000 -8.331509 -11.718747
350.333333 -10.284634 -11.441030
350.666667 -12.191472 -11.098208
351.000000 -14.041173 -10.691826
351.333333 -15.823144 -10.223787
351.666667 -17.527109 -9.696349
352.000000 -19.143167 -9.112112
352.333333 -20.661852 -8.474006
352.666667 -22.074187 -7.785278
353.000000 -23.371733 -7.049472
353.333333 -24.546645 -6.270414
353.666667 -25.591714 -5.452192
354.000000 -26.500413 -4.599135
354.333333 -27.266935 -3.715788
354.666667 -27.886233 -2.806890
355.000000 -28.354048 -1.877349
355.333333 -28.666940 -0.932214
355.666667 -28.822309 0.023350
356.000000 -28.818417 0.984094
356.333333 -28.654401 1.944708
356.666667 -28.330283 2.899855
357.000000 -27.846974 3.844197
357.333333 -27.206275 4.772430
357.666667 -26.410870 5.679306
358.000000 -25.464319 6.559668
358.333333 -24.371041 7.408479
358.666667 -23.136294 8.220847
359.000000 -21.766153 8.992057
359.333333 -20.267477 9.717595
359.666667 -18.647878 10.393178
360.000000 -16.915682 11.014773
360.333333 -15.079886 11.578630
360.666667 -13.150115 12.081292
361.000000 -11.136566 12.519630
361.333333 -9.049961 12.890848
361.666667 -6.901486 13.192514
362.000000 -4.702734 13.422563
362.333333 -2.465640 13.579321
362.666667 -0.202420 13.661509
363.000000 2.074498 13.668256
363.333333 4.352541 13.599106
363.666667 6.619059 13.454022
364.000000 8.861396 13.233386
364.333333 11.066960 12.938007
364.666667 13.223295 12.569108
365.000000 15.318146 12.128331
365.333333 17.339535 11.617727
365.666667 19.275822 11.039742
366.000000 21.115779 10.397215
366.333333 22.848648 9.693355
366.666667 24.464208 8.931734
367.000000 25.952830 8.116260
367.333333 27.305540 7.251166
367.666667 28.514068 6.340981
368.000000 29.570898 5.390512
368.333333 30.469317 4.404816
368.666667 31.203452 3.389172
369.000000 31.768314 2.349057
369.333333 32.159824 1.290113
369.666667 32.374843 0.218119
370.000000 32.411196 -0.861043
370.333333 32.267689 -1.941416
370.666667 31.944119 -3.017006
371.000000 31.441285 -4.081809
371.333333 30.760984 -5.129852
371.666667 29.906008 -6.155218
372.000000 28.880138 -7.152085
372.333333 27.688124 -8.114757
372.666667 26.335665 -9.037694
373.000000 24.829382 -9.915550
373.333333 23.176791 -10.743196
373.666667 21.386258 -11.515755
374.000000 19.466966 -12.228631
374.333333 17.428861 -12.877530
374.666667 15.282606 -13.458492
375.000000 13.039524 -13.967912
375.333333 10.711538 -14.402563
375.666667 8.311111 -14.759614
376.000000 5.851176 -15.036651
376.333333 3.345067 -15.231690
376.666667 0.806452 -15.343192
377.000000 -1.750747 -15.370074
377.333333 -4.312426 -15.311716
377.666667 -6.864378 -15.167968
378.000000 -9.392373 -14.939156
378.333333 -11.882232 -14.626077
378.666667 -14.319912 -14.230002
379.000000 -16.691579 -13.752672
379.333333 -18.983691 -13.196286
379.666667 -21.183072 -12.563496
380.000000 -23.276988 -11.857394
380.333333 -25.253220 -11.081494
380.666667 -27.100136 -10.239720
381.000000 -28.806756 -9.336382
381.333333 -30.362819 -8.376157
381.666667 -31.758846 -7.364063
382.000000 -32.986189 -6.305435
382.333333 -34.037095 -5.205895
382.666667 -34.904744 -4.071325
383.000000 -35.583299 -2.907834
383.333333 -36.067938 -1.721724
383.666667 -36.354892 -0.519459
384.000000 -36.441468 0.692370
384.333333 -36.326073 1.907086
384.666667 -36.008226 3.117955
385.000000 -35.488566 4.318229
385.333333 -34.768862 5.501181
385.666667 -33.851998 6.660143
386.000000 -32.741974 7.788543
386.333333 -31.443884 8.879942
386.666667 -29.963893 9.928072
387.000000 -28.309214 10.926868
387.333333 -26.488070 11.870509
387.666667 -24.509652 12.753445
388.000000 -22.384077 13.570433
388.333333 -20.122339 14.316569
388.666667 -17.736244 14.987313
389.000000 -15.238358 15.578522
389.333333 -12.641938 16.086467
389.666667 -9.960860 16.507865
390.000000 -7.209549 16.839893
390.333333 -4.402901 17.080212
390.666667 -1.556199 17.226975
391.000000 1.314964 17.278848
391.333333 4.194772 17.235016
391.666667 7.067275 17.095191
392.000000 9.916473 16.859615
392.333333 12.726409 16.529066
392.666667 15.481253 16.104852
393.000000 18.165395 15.588810
393.333333 20.763530 14.983297
393.666667 23.260746 14.291179
394.000000 25.642610 13.515821
394.333333 27.895247 12.661067
394.666667 30.005424 11.731226
395.000000 31.960629 10.731045
395.333333 33.749136 9.665691
395.666667 35.360085 8.540720
396.000000 36.783538 7.362050
396.333333 38.010546 6.135932
396.666667 39.033202 4.868914
397.000000 39.844687 3.567807
397.333333 40.439322 2.239651
397.666667 40.812597 0.891674
398.000000 40.961209 -0.468746
398.333333 40.883085 -1.834120
398.666667 40.577398 -3.196889
399.000000 40.044583 -4.549469
399.333333 39.286339 -5.884289
399.666667 38.305624 -7.193833
400.000000 37.106651 -8.470688
400.333333 35.694870 -9.707576
400.666667 34.076941 -10.897405
401.000000 32.260707 -12.033303
401.333333 30.255156 -13.108660
401.666667 28.070380 -14.117165
402.000000 25.717519 -15.052844
402.333333 23.208711 -15.910095
402.666667 20.557029 -16.683719
403.000000 17.776409 -17.368953
403.333333 14.881584 -17.961500
403.666667 11.888000 -18.457553
404.000000 8.811741 -18.853819
404.333333 5.669438 -19.147544
404.666667 2.478181 -19.336525
405.000000 -0.744573 -19.419131
405.333333 -3.981095 -19.394312
405.666667 -7.213481 -19.261609
406.000000 -10.423749 -19.021160
406.333333 -13.593942 -18.673702
406.666667 -16.706226 -18.220570
407.000000 -19.742988 -17.663696
407.333333 -22.686937 -17.005596
407.666667 -25.521203 -16.249365
408.000000 -28.229430 -15.398658
408.333333 -30.795873 -14.457677
408.666667 -33.205486 -13.431148
409.000000 -35.444011 -12.324299
409.333333 -37.498061 -11.142832
409.666667 -39.355199 -9.892896
410.000000 -41.004016 -8.581056
410.333333 -42.434192 -7.214256
410.666667 -43.636568 -5.799783
411.000000 -44.603198 -4.345230
411.333333 -45.327403 -2.858457
411.666667 -45.803813 -1.347544
412.000000 -46.028403 0.179250
412.333333 -45.998528 1.713530
412.666667 -45.712940 3.246814
413.000000 -45.171804 4.770579
413.333333 -44.376708 6.276306
413.666667 -43.330657 7.755529
414.000000 -42.038068 9.199885
414.333333 -40.504754 10.601154
414.666667 -38.737895 11.951312
415.000000 -36.746010 13.242575
415.333333 -34.538914 14.467442
415.666667 -32.127674 15.618739
416.000000 -29.524551 16.689662
416.333333 -26.742940 17.673814
416.666667 -23.797305 18.565245
417.000000 -20.703097 19.358488
417.333333 -17.476682 20.048592
417.666667 -14.135251 20.631148
418.000000 -10.696726 21.102323
418.333333 -7.179672 21.458880
418.666667 -3.603192 21.698203
419.000000 0.013175 21.818309
419.333333 3.649560 21.817870
419.666667 7.285871 21.696218
420.000000 10.901908 21.453355
420.333333 14.477467 21.089959
420.666667 17.992460 20.607376
421.000000 21.427023 20.007628
421.333333 24.761627 19.293394
421.666667 27.977193 18.468006
422.000000 31.055194 17.535433
422.333333 33.977766 16.500260
422.666667 36.727810 15.367668
423.000000 39.289087 14.143407
423.333333 41.646322 12.833771
423.666667 43.785284 11.445560
424.000000 45.692877 9.986051
424.333333 47.357219 8.462955
424.666667 48.767711 6.884381
425.000000 49.915108 5.258791
425.333333 50.791573 3.594954
425.666667 51.390732 1.901901
426.000000 51.707716 0.188877
426.333333 51.739195 -1.534714
426.666667 51.483410 -3.259354
427.000000 50.940184 -4.975467
427.333333 50.110939 -6.673473
427.666667 48.998694 -8.343838
428.000000 47.608054 -9.977128
428.333333 45.945200 -11.564063
428.666667 44.017856 -13.095570
429.000000 41.835261 -14.562832
429.333333 39.408122 -15.957340
429.666667 36.748566 -17.270944
430.000000 33.870075 -18.495896
430.333333 30.787425 -19.624899
430.666667 27.516609 -20.651146
431.000000 24.074751 -21.568367
431.333333 20.480023 -22.370858
431.666667 16.751547 -23.053526
432.000000 12.909293 -23.611911
432.333333 8.973974 -24.042221
432.666667 4.966937 -24.341353
433.000000 0.910045 -24.506918
433.333333 -3.174441 -24.537252
433.666667 -7.263983 -24.431438
434.000000 -11.335889 -24.189305
434.333333 -15.367440 -23.811442
434.666667 -19.336014 -23.299194
435.000000 -23.219213 -22.654660
435.333333 -26.994990 -21.880686
435.666667 -30.641771 -20.980853
436.000000 -34.138580 -19.959461
436.333333 -37.465156 -18.821508
436.666667 -40.602075 -17.572670
437.000000 -43.530853 -16.219267
437.333333 -46.234064 -14.768239
437.666667 -48.695437 -13.227104
438.000000 -50.899955 -11.603922
438.333333 -52.833942 -9.907257
438.666667 -54.485151 -8.146126
439.000000 -55.842839 -6.329954
439.333333 -56.897831 -4.468526
439.666667 -57.642585 -2.571932
440.000000 -58.071241 -0.650512
440.333333 -58.179659 1.285196
440.666667 -57.965460 3.224518
441.000000 -57.428040 5.156700
441.333333 -56.568590 7.070968
441.666667 -55.390096 8.956588
442.000000 -53.897331 10.802924
442.333333 -52.096844 12.599502
442.666667 -49.996927 14.336063
443.000000 -47.607583 16.002627
443.333333 -44.940479 17.589547
443.666667 -42.008887 19.087563
444.000000 -38.827627 20.487859
444.333333 -35.412984 21.782113
444.666667 -31.782631 22.962546
445.000000 -27.955540 24.021967
445.333333 -23.951879 24.953818
445.666667 -19.792910 25.752214
446.000000 -15.500874 26.411978
446.333333 -11.098877 26.928674
446.666667 -6.610765 27.298636
447.000000 -2.060992 27.518995
447.333333 2.525507 27.587695
447.666667 7.123456 27.503512
448.000000 11.707375 27.266063
448.333333 16.251718 26.875817
448.666667 20.731021 26.334093
449.000000 25.120037 25.643059
449.333333 29.393880 24.805725
449.666667 33.528167 23.825929
450.000000 37.499156 22.708323
450.333333 41.283876 21.458351
450.666667 44.860268 20.082222
451.000000 48.207305 18.586880
451.333333 51.305118 16.979970
451.666667 54.135113 15.269799
452.000000 56.680080 13.465295
452.333333 58.924295 11.575959
452.666667 60.853622 9.611816
453.000000 62.455591 7.583362
453.333333 63.719485 5.501509
453.666667 64.636403 3.377526
454.000000 65.199324 1.222979
454.333333 65.403154 -0.950332
454.666667 65.244765 -3.130437
455.000000 64.723026 -5.305262
455.333333 63.838816 -7.462696
455.666667 62.595033 -9.590657
456.000000 60.996590 -11.677158
456.333333 59.050397 -13.710378
456.666667 56.765334 -15.678724
457.000000 54.152213 -17.570902
457.333333 51.223730 -19.375976
457.666667 47.994400 -21.083433
458.000000 44.480495 -22.683247
458.333333 40.699954 -24.165930
458.666667 36.672299 -25.522595
459.000000 32.418533 -26.745005
459.333333 27.961032 -27.825623
459.666667 23.323428 -28.757657
460.000000 18.530485 -29.535105
460.333333 13.607968 -30.152788
460.666667 8.582503 -30.606387
461.000000 3.481439 -30.892470
461.333333 -1.667306 -31.008518
461.666667 -6.835392 -30.952941
462.000000 -11.994216 -30.725095
462.333333 -17.115065 -30.325288
462.666667 -22.169280 -29.754785
463.000000 -27.128411 -29.015809
463.333333 -31.964379 -28.111529
463.666667 -36.649634 -27.046050
464.000000 -41.157309 -25.824395
464.333333 -45.461375 -24.452485
464.666667 -49.536789 -22.937106
465.000000 -53.359640 -21.285880
465.333333 -56.907286 -19.507225
465.666667 -60.158490 -17.610315
466.000000 -63.093543 -15.605032
466.333333 -65.694382 -13.501914
466.666667 -67.944701 -11.312102
467.000000 -69.830051 -9.047278
467.333333 -71.337931 -6.719610
467.666667 -72.457866 -4.341679
468.000000 -73.181479 -1.926417
468.333333 -73.502548 0.512966
468.666667 -73.417054 2.963051
469.000000 -72.923212 5.410286
469.333333 -72.021498 7.841060
469.666667 -70.714654 10.241776
470.000000 -69.007692 12.598932
470.333333 -66.907870 14.899188
470.666667 -64.424672 17.129450
471.000000 -61.569763 19.276939
471.333333 -58.356940 21.329265
471.666667 -54.802063 23.274496
472.000000 -50.922980 25.101232
472.333333 -46.739441 26.798664
472.666667 -42.272997 28.356646
473.000000 -37.546890 29.765745
473.333333 -32.585932 31.017308
473.666667 -27.416381 32.103506
474.000000 -22.065796 33.017386
474.333333 -16.562899 33.752912
474.666667 -10.937413 34.305009
475.000000 -5.219912 34.669589
475.333333 0.558353 34.843586
475.666667 6.365617 34.824974
476.000000 12.169780 34.612787
476.333333 17.938578 34.207128
476.666667 23.639766 33.609175
477.000000 29.241295 32.821183
477.333333 34.711492 31.846473
477.666667 40.019238 30.689424
478.000000 45.134142 29.355449
478.333333 50.026716 27.850978
478.666667 54.668546 26.183420
479.000000 59.032449 24.361136
479.333333 63.092639 22.393387
479.666667 66.824870 20.290299
480.000000 70.206586 18.062804
480.333333 73.217054 15.722584
480.666667 75.837484 13.282016
481.000000 78.051154 10.754099
481.333333 79.843503 8.152394
481.666667 81.202236 5.490944
482.000000 82.117393 2.784203
482.333333 82.581427 0.046957
482.666667 82.589253 -2.705758
483.000000 82.138294 -5.458733
483.333333 81.228505 -8.196676
483.666667 79.862392 -10.904293
484.000000 78.045010 -13.566372
484.333333 75.783948 -16.167873
484.666667 73.089303 -18.694004
485.000000 69.973635 -21.130314
485.333333 66.451916 -23.462769
485.666667 62.541455 -25.677833
486.000000 58.261816 -27.762548
486.333333 53.634724 -29.704608
486.666667 48.683956 -31.492433
487.000000 43.435218 -33.115231
487.333333 37.916012 -34.563072
487.666667 32.155500 -35.826939
488.000000 26.184344 -36.898789
488.333333 20.034546 -37.771600
488.666667 13.739279 -38.439419
489.000000 7.332709 -38.897394
489.333333 0.849810 -39.141818
489.666667 -5.673826 -39.170145
490.000000 -12.202184 -38.981018
490.333333 -18.699020 -38.574278
490.666667 -25.128066 -37.950977
491.000000 -31.453229 -37.113375
491.333333 -37.638792 -36.064934
491.666667 -43.649614 -34.810308
492.000000 -49.451332 -33.355321
492.333333 -55.010552 -31.706943
492.666667 -60.295043 -29.873258
493.000000 -65.273919 -27.863423
493.333333 -69.917823 -25.687626
493.666667 -74.199094 -23.357032
494.000000 -78.091933 -20.883729
494.333333 -81.572554 -18.280664
494.666667 -84.619331 -15.561579
495.000000 -87.212928 -12.740935
495.333333 -89.336417 -9.833837
495.666667 -90.975390 -6.855957
496.000000 -92.118049 -3.823444
496.333333 -92.755290 -0.752842
496.666667 -92.880764 2.339001
497.000000 -92.490930 5.435027
497.333333 -91.585092 8.518058
497.666667 -90.165416 11.570894
498.000000 -88.236934 14.576408
498.333333 -85.807532 17.517639
498.666667 -82.887926 20.377890
499.000000 -79.491611 23.140821
499.333333 -75.634807 25.790541
499.666667 -71.336384 28.311701
